2100001
2100011
2100031
2100041
2100053
2100071
2100079
2100097
2100113
2100121
2100167
2100173
2100181
2100191
2100193
2100221
2100227
2100229
2100239
2100247
2100253
2100257
2100269
2100277
2100313
2100353
2100377
2100403
2100407
2100409
2100451
2100463
2100473
2100487
2100493
2100523
2100533
2100541
2100551
2100559
2100563
2100569
2100587
2100589
2100607
2100629
2100649
2100661
2100691
2100713
2100719
2100727
2100733
2100737
2100743
2100781
2100793
2100803
2100821
2100841
2100859
2100869
2100893
2100899
2100913
2100929
2100941
2100953
2100983
2100991
2100997
2101003
2101007
2101019
2101051
2101061
2101067
2101091
2101093
2101111
2101123
2101129
2101139
2101157
2101181
2101189
2101199
2101207
2101213
2101219
2101223
2101237
2101243
2101247
2101249
2101259
2101261
2101277
2101283
2101313
2101327
2101357
2101391
2101423
2101433
2101439
2101447
2101471
2101481
2101483
2101499
2101501
2101513
2101531
2101549
2101553
2101607
2101613
2101621
2101651
2101657
2101667
2101669
2101681
2101703
2101721
2101733
2101741
2101751
2101789
2101807
2101811
2101817
2101823
2101843
2101849
2101867
2101871
2101873
2101903
2101907
2101909
2101961
2102021
2102057
2102069
2102083
2102099
2102117
2102137
2102143
2102167
2102171
2102173
2102183
2102201
2102207
2102213
2102249
2102251
2102257
2102267
2102273
2102279
2102291
2102311
2102323
2102329
2102341
2102383
2102411
2102417
2102431
2102459
2102461
2102467
2102479
2102489
2102497
2102519
2102531
2102533
2102549
2102557
2102561
2102567
2102579
2102593
2102623
2102629
2102647
2102651
2102687
2102693
2102717
2102741
2102753
2102759
2102777
2102783
2102791
2102797
2102801
2102809
2102831
2102839
2102851
2102857
2102873
2102879
2102887
2102897
2102927
2102941
2102999
2103007
2103011
2103029
2103041
2103067
2103083
2103103
2103107
2103119
2103139
2103149
2103151
2103163
2103169
2103181
2103187
2103193
2103229
2103239
2103301
2103307
2103317
2103377
2103383
2103389
2103403
2103407
2103449
2103473
2103503
2103523
2103553
2103583
2103589
2103601
2103611
2103613
2103617
2103653
2103667
2103671
2103679
2103683
2103713
2103719
2103743
2103749
2103769
2103781
2103791
2103793
2103797
2103811
2103817
2103821
2103839
2103859
2103887
2103901
2103911
2103919
2103953
2103961
2103973
2103977
2103989
2104013
2104019
2104021
2104031
2104051
2104057
2104061
2104087
2104097
2104103
2104111
2104129
2104139
2104147
2104159
2104163
2104169
2104177
2104181
2104213
2104217
2104229
2104241
2104261
2104273
2104313
2104337
2104343
2104357
2104363
2104381
2104391
2104397
2104423
2104433
2104441
2104483
2104499
2104507
2104541
2104547
2104567
2104591
2104601
2104607
2104633
2104643
2104657
2104673
2104679
2104699
2104703
2104717
2104723
2104727
2104741
2104747
2104757
2104759
2104811
2104841
2104847
2104853
2104859
2104867
2104871
2104901
2104909
2104913
2104933
2104951
2104961
2104969
2104987
2105003
2105009
2105027
2105069
2105071
2105111
2105119
2105141
2105149
2105183
2105203
2105209
2105231
2105251
2105267
2105269
2105273
2105287
2105317
2105329
2105347
2105357
2105359
2105377
2105381
2105407
2105413
2105417
2105419
2105431
2105449
2105483
2105497
2105503
2105507
2105513
2105549
2105557
2105567
2105591
2105611
2105641
2105669
2105681
2105693
2105699
2105717
2105729
2105731
2105759
2105767
2105809
2105813
2105819
2105833
2105837
2105843
2105863
2105881
2105891
2105897
2105911
2105921
2105927
2105933
2105947
2105953
2105963
2105969
2105993
2106019
2106029
2106059
2106089
2106107
2106149
2106173
2106191
2106197
2106199
2106217
2106227
2106229
2106239
2106257
2106277
2106281
2106289
2106301
2106311
2106329
2106337
2106341
2106343
2106347
2106353
2106361
2106383
2106389
2106407
2106421
2106427
2106431
2106437
2106451
2106463
2106479
2106491
2106523
2106529
2106551
2106563
2106617
2106619
2106631
2106653
2106673
2106677
2106679
2106733
2106737
2106749
2106773
2106779
2106781
2106809
2106829
2106833
2106847
2106857
2106877
2106887
2106901
2106911
2106917
2106919
2106931
2106943
2106953
2106959
2106983
2106989
2106991
2107003
2107013
2107033
2107037
2107051
2107069
2107073
2107087
2107103
2107109
2107117
2107141
2107153
2107177
2107181
2107199
2107207
2107223
2107243
2107247
2107289
2107319
2107321
2107327
2107361
2107381
2107393
2107403
2107447
2107451
2107529
2107531
2107543
2107601
2107603
2107607
2107627
2107661
2107663
2107667
2107669
2107709
2107717
2107723
2107739
2107747
2107751
2107759
2107771
2107811
2107837
2107849
2107867
2107873
2107877
2107883
2107909
2107913
2107939
2107961
2107967
2107979
2107999
2108003
2108009
2108033
2108047
2108059
2108063
2108077
2108081
2108087
2108089
2108123
2108137
2108159
2108177
2108231
2108243
2108251
2108257
2108263
2108291
2108299
2108317
2108339
2108347
2108363
2108369
2108383
2108389
2108401
2108429
2108437
2108443
2108453
2108461
2108473
2108497
2108501
2108521
2108531
2108539
2108543
2108549
2108551
2108597
2108599
2108611
2108621
2108627
2108641
2108647
2108653
2108657
2108669
2108699
2108723
2108737
2108759
2108761
2108767
2108773
2108807
2108809
2108819
2108839
2108857
2108879
2108881
2108927
2108929
2108941
2108957
2108983
2108987
2108993
2109011
2109013
2109049
2109053
2109059
2109067
2109097
2109101
2109103
2109109
2109119
2109127
2109161
2109167
2109179
2109203
2109223
2109253
2109269
2109277
2109287
2109293
2109311
2109329
2109391
2109403
2109421
2109449
2109461
2109509
2109521
2109533
2109553
2109571
2109577
2109593
2109607
2109617
2109619
2109641
2109647
2109671
2109697
2109707
2109727
2109733
2109739
2109743
2109761
2109769
2109791
2109797
2109799
2109841
2109857
2109869
2109871
2109889
2109911
2109941
2109949
2109959
2109973
2109979
2110001
2110019
2110021
2110027
2110033
2110037
2110063
2110099
2110103
2110123
2110133
2110151
2110153
2110177
2110183
2110187
2110189
2110217
2110223
2110247
2110259
2110267
2110289
2110291
2110313
2110321
2110337
2110343
2110351
2110391
2110399
2110439
2110453
2110469
2110477
2110519
2110523
2110529
2110531
2110543
2110547
2110553
2110579
2110621
2110627
2110637
2110657
2110673
2110679
2110699
2110709
2110751
2110753
2110763
2110769
2110781
2110811
2110837
2110847
2110853
2110859
2110861
2110877
2110879
2110891
2110909
2110921
2110931
2110949
2110951
2110973
2110981
2111023
2111029
2111041
2111051
2111059
2111089
2111093
2111107
2111129
2111159
2111167
2111177
2111189
2111231
2111251
2111267
2111303
2111309
2111311
2111321
2111353
2111357
2111359
2111363
2111387
2111407
2111411
2111419
2111443
2111453
2111471
2111491
2111497
2111507
2111509
2111513
2111531
2111533
2111539
2111567
2111579
2111597
2111633
2111677
2111713
2111729
2111731
2111737
2111771
2111779
2111783
2111789
2111801
2111803
2111819
2111839
2111843
2111861
2111873
2111897
2111909
2111917
2111933
2111939
2111953
2111959
2111969
2111971
2112007
2112013
2112017
2112053
2112079
2112107
2112127
2112139
2112151
2112161
2112169
2112191
2112193
2112217
2112239
2112263
2112307
2112323
2112329
2112337
2112347
2112353
2112413
2112419
2112469
2112493
2112499
2112511
2112533
2112541
2112569
2112571
2112581
2112587
2112601
2112631
2112683
2112703
2112707
2112713
2112727
2112751
2112767
2112779
2112793
2112821
2112827
2112829
2112833
2112841
2112863
2112871
2112893
2112919
2112923
2112937
2112953
2112961
2112973
2112989
2112997
2113003
2113037
2113039
2113043
2113087
2113091
2113109
2113129
2113147
2113159
2113187
2113207
2113211
2113229
2113249
2113273
2113283
2113289
2113291
2113333
2113337
2113343
2113361
2113369
2113373
2113379
2113393
2113399
2113417
2113421
2113451
2113459
2113469
2113471
2113511
2113513
2113523
2113567
2113583
2113603
2113609
2113651
2113667
2113669
2113679
2113681
2113703
2113733
2113739
2113747
2113753
2113757
2113759
2113789
2113801
2113819
2113823
2113843
2113873
2113879
2113901
2113913
2113931
2113939
2113949
2113957
2113973
2113987
2114003
2114023
2114027
2114039
2114041
2114059
2114081
2114087
2114089
2114113
2114141
2114159
2114191
2114197
2114207
2114221
2114227
2114243
2114249
2114251
2114269
2114297
2114317
2114323
2114327
2114347
2114351
2114363
2114369
2114381
2114393
2114407
2114429
2114449
2114461
2114467
2114507
2114509
2114531
2114533
2114549
2114621
2114627
2114653
2114699
2114711
2114713
2114741
2114743
2114747
2114771
2114797
2114803
2114807
2114813
2114831
2114837
2114857
2114867
2114881
2114887
2114897
2114933
2114951
2114963
2114969
2114971
2114977
2115007
2115013
2115017
2115049
2115059
2115073
2115077
2115079
2115083
2115097
2115101
2115107
2115121
2115131
2115133
2115181
2115187
2115193
2115203
2115221
2115227
2115229
2115233
2115277
2115301
2115307
2115317
2115319
2115331
2115343
2115371
2115397
2115427
2115431
2115433
2115437
2115457
2115461
2115469
2115481
2115493
2115499
2115511
2115523
2115527
2115539
2115571
2115629
2115653
2115671
2115677
2115683
2115689
2115703
2115713
2115721
2115727
2115749
2115761
2115767
2115787
2115791
2115823
2115829
2115847
2115853
2115863
2115877
2115923
2115937
2115943
2115961
2115979
2115983
2116019
2116021
2116027
2116039
2116063
2116097
2116099
2116117
2116123
2116129
2116183
2116187
2116199
2116291
2116307
2116327
2116351
2116357
2116393
2116397
2116403
2116409
2116423
2116427
2116441
2116447
2116459
2116469
2116481
2116487
2116501
2116519
2116523
2116531
2116537
2116559
2116561
2116571
2116573
2116577
2116579
2116591
2116601
2116607
2116627
2116633
2116651
2116663
2116669
2116679
2116691
2116693
2116717
2116729
2116747
2116757
2116783
2116799
2116801
2116811
2116813
2116817
2116837
2116867
2116901
2116903
2116921
2116949
2116951
2116957
2116967
2116969
2116973
2116981
2116987
2116991
2116997
2117039
2117041
2117051
2117053
2117077
2117099
2117119
2117131
2117147
2117179
2117233
2117237
2117239
2117273
2117287
2117293
2117317
2117321
2117351
2117369
2117389
2117411
2117419
2117429
2117431
2117441
2117447
2117461
2117477
2117497
2117501
2117513
2117539
2117561
2117573
2117581
2117593
2117597
2117611
2117623
2117651
2117653
2117663
2117671
2117677
2117699
2117701
2117711
2117719
2117723
2117729
2117743
2117747
2117777
2117813
2117821
2117833
2117849
2117861
2117887
2117893
2117903
2117953
2117971
2117977
2118007
2118023
2118029
2118031
2118037
2118043
2118049
2118059
2118079
2118089
2118091
2118113
2118119
2118121
2118163
2118169
2118173
2118187
2118209
2118239
2118269
2118283
2118299
2118301
2118313
2118331
2118343
2118349
2118359
2118371
2118377
2118397
2118419
2118433
2118437
2118449
2118491
2118497
2118503
2118517
2118527
2118541
2118547
2118581
2118587
2118601
2118629
2118643
2118661
2118667
2118689
2118703
2118733
2118751
2118791
2118799
2118803
2118811
2118833
2118841
2118871
2118877
2118889
2118917
2118923
2118959
2118973
2119031
2119057
2119087
2119093
2119121
2119147
2119157
2119171
2119189
2119199
2119211
2119231
2119259
2119261
2119267
2119301
2119307
2119309
2119319
2119363
2119367
2119379
2119399
2119433
2119463
2119483
2119487
2119493
2119511
2119531
2119561
2119573
2119589
2119591
2119597
2119603
2119609
2119613
2119627
2119631
2119643
2119651
2119669
2119673
2119681
2119699
2119717
2119739
2119751
2119763
2119783
2119829
2119837
2119877
2119879
2119907
2119913
2119919
2119921
2119937
2119939
2119967
2119969
2120009
2120017
2120021
2120051
2120057
2120093
2120099
2120101
2120113
2120119
2120143
2120147
2120171
2120203
2120207
2120213
2120221
2120227
2120231
2120243
2120249
2120263
2120269
2120297
2120303
2120309
2120317
2120329
2120341
2120351
2120353
2120383
2120387
2120411
2120423
2120429
2120453
2120473
2120513
2120537
2120549
2120551
2120579
2120611
2120621
2120639
2120653
2120693
2120731
2120747
2120753
2120771
2120779
2120819
2120827
2120843
2120849
2120851
2120863
2120879
2120887
2120891
2120917
2120933
2120941
2120947
2120957
2120977
2120981
2121011
2121017
2121023
2121029
2121043
2121121
2121127
2121131
2121143
2121167
2121181
2121187
2121191
2121193
2121199
2121239
2121241
2121253
2121271
2121289
2121323
2121337
2121341
2121367
2121373
2121377
2121389
2121403
2121433
2121443
2121461
2121479
2121503
2121529
2121569
2121601
2121607
2121619
2121631
2121653
2121661
2121667
2121683
2121737
2121739
2121751
2121761
2121767
2121781
2121793
2121797
2121803
2121809
2121829
2121841
2121853
2121869
2121877
2121881
2121893
2121907
2121941
2121943
2121967
2121979
2121989
2122009
2122013
2122031
2122039
2122063
2122073
2122079
2122103
2122123
2122139
2122151
2122163
2122181
2122189
2122193
2122213
2122231
2122259
2122277
2122303
2122321
2122327
2122333
2122349
2122363
2122369
2122381
2122409
2122427
2122441
2122451
2122459
2122469
2122489
2122499
2122507
2122511
2122513
2122531
2122553
2122573
2122619
2122633
2122649
2122657
2122667
2122691
2122697
2122709
2122711
2122721
2122723
2122741
2122753
2122777
2122793
2122817
2122823
2122837
2122843
2122853
2122859
2122873
2122921
2122937
2122957
2122961
2122963
2122979
2123027
2123047
2123053
2123063
2123081
2123083
2123087
2123123
2123129
2123137
2123141
2123161
2123167
2123203
2123213
2123237
2123239
2123243
2123257
2123263
2123279
2123281
2123309
2123327
2123353
2123357
2123369
2123377
2123411
2123423
2123461
2123479
2123483
2123491
2123557
2123581
2123603
2123617
2123663
2123669
2123683
2123701
2123707
2123731
2123741
2123743
2123747
2123753
2123761
2123767
2123773
2123777
2123783
2123791
2123831
2123851
2123867
2123879
2123881
2123897
2123909
2123917
2123939
2123969
2123971
2123983
2123999
2124007
2124011
2124013
2124019
2124037
2124041
2124043
2124049
2124127
2124139
2124149
2124173
2124191
2124197
2124223
2124229
2124233
2124247
2124253
2124277
2124289
2124299
2124319
2124323
2124359
2124361
2124377
2124401
2124403
2124431
2124443
2124449
2124457
2124467
2124469
2124491
2124509
2124517
2124553
2124571
2124589
2124601
2124631
2124659
2124667
2124679
2124757
2124761
2124769
2124791
2124797
2124821
2124839
2124841
2124853
2124869
2124877
2124887
2124919
2124943
2124953
2124961
2124973
2125001
2125009
2125037
2125043
2125069
2125073
2125087
2125099
2125111
2125147
2125157
2125163
2125181
2125219
2125229
2125237
2125259
2125273
2125313
2125327
2125339
2125373
2125393
2125411
2125429
2125451
2125457
2125463
2125469
2125471
2125477
2125517
2125523
2125531
2125537
2125553
2125559
2125567
2125579
2125601
2125603
2125621
2125649
2125657
2125661
2125679
2125681
2125691
2125693
2125699
2125703
2125733
2125741
2125751
2125757
2125771
2125793
2125801
2125813
2125819
2125831
2125841
2125847
2125873
2125889
2125919
2125927
2125933
2125939
2125987
2125993
2126017
2126027
2126029
2126039
2126041
2126063
2126087
2126101
2126129
2126141
2126147
2126149
2126153
2126167
2126171
2126177
2126191
2126203
2126213
2126227
2126249
2126269
2126273
2126297
2126303
2126317
2126329
2126339
2126351
2126363
2126381
2126387
2126407
2126429
2126431
2126441
2126447
2126459
2126491
2126539
2126549
2126567
2126573
2126587
2126611
2126617
2126623
2126627
2126633
2126639
2126659
2126681
2126687
2126749
2126767
2126771
2126779
2126783
2126791
2126801
2126809
2126827
2126849
2126851
2126857
2126863
2126867
2126893
2126897
2126899
2126903
2126911
2126923
2126933
2126951
2126963
2127007
2127029
2127043
2127061
2127067
2127071
2127077
2127133
2127143
2127149
2127157
2127163
2127269
2127271
2127277
2127287
2127289
2127299
2127319
2127331
2127341
2127343
2127347
2127371
2127379
2127383
2127401
2127409
2127421
2127427
2127443
2127467
2127493
2127529
2127553
2127557
2127607
2127617
2127641
2127647
2127649
2127659
2127667
2127679
2127689
2127691
2127721
2127733
2127739
2127751
2127757
2127761
2127779
2127787
2127803
2127841
2127857
2127883
2127887
2127893
2127919
2127947
2127949
2127959
2127967
2127971
2127973
2127977
2127997
2128001
2128031
2128039
2128051
2128067
2128099
2128103
2128153
2128157
2128177
2128183
2128201
2128241
2128253
2128261
2128267
2128279
2128283
2128303
2128309
2128319
2128327
2128333
2128381
2128387
2128391
2128403
2128409
2128439
2128447
2128453
2128463
2128481
2128487
2128493
2128501
2128531
2128547
2128549
2128559
2128561
2128591
2128601
2128603
2128631
2128649
2128663
2128667
2128669
2128697
2128727
2128733
2128747
2128751
2128769
2128781
2128783
2128799
2128823
2128831
2128837
2128849
2128871
2128873
2128891
2128933
2128963
2128991
2128993
2129003
2129011
2129027
2129047
2129051
2129069
2129107
2129119
2129123
2129161
2129167
2129177
2129203
2129207
2129213
2129221
2129227
2129261
2129263
2129279
2129291
2129293
2129321
2129329
2129333
2129353
2129357
2129371
2129389
2129399
2129401
2129419
2129423
2129431
2129443
2129447
2129473
2129497
2129507
2129509
2129513
2129521
2129527
2129537
2129549
2129551
2129579
2129587
2129597
2129599
2129627
2129671
2129689
2129713
2129719
2129741
2129749
2129753
2129773
2129779
2129783
2129791
2129797
2129807
2129819
2129821
2129837
2129849
2129851
2129861
2129867
2129887
2129891
2129903
2129951
2129971
2129977
2129983
2130001
2130013
2130031
2130047
2130061
2130101
2130133
2130169
2130173
2130209
2130239
2130241
2130251
2130269
2130307
2130341
2130343
2130347
2130367
2130371
2130379
2130383
2130391
2130437
2130439
2130461
2130473
2130493
2130503
2130509
2130523
2130529
2130539
2130577
2130581
2130613
2130617
2130619
2130631
2130671
2130673
2130683
2130701
2130703
2130721
2130727
2130757
2130767
2130769
2130803
2130809
2130853
2130857
2130901
2130911
2130917
2130929
2130937
2130959
2130979
2131013
2131039
2131043
2131049
2131081
2131093
2131099
2131109
2131127
2131133
2131141
2131193
2131223
2131231
2131243
2131247
2131253
2131267
2131271
2131291
2131319
2131321
2131361
2131373
2131399
2131417
2131427
2131429
2131447
2131457
2131463
2131469
2131483
2131513
2131517
2131531
2131537
2131541
2131559
2131567
2131573
2131601
2131603
2131609
2131627
2131651
2131669
2131687
2131691
2131693
2131699
2131721
2131771
2131793
2131799
2131813
2131823
2131837
2131849
2131853
2131859
2131867
2131907
2131937
2131951
2131979
2131981
2131991
2132003
2132023
2132027
2132033
2132057
2132063
2132107
2132113
2132129
2132147
2132153
2132171
2132177
2132209
2132213
2132231
2132233
2132239
2132267
2132279
2132281
2132303
2132309
2132311
2132321
2132323
2132359
2132371
2132381
2132387
2132401
2132407
2132411
2132419
2132461
2132467
2132477
2132483
2132513
2132539
2132551
2132563
2132567
2132587
2132591
2132593
2132639
2132653
2132657
2132659
2132699
2132749
2132759
2132761
2132771
2132777
2132783
2132797
2132827
2132839
2132849
2132857
2132881
2132891
2132899
2132903
2132941
2132947
2132957
2132981
2132983
2132989
2132993
2133023
2133029
2133031
2133049
2133059
2133097
2133113
2133121
2133137
2133151
2133167
2133191
2133217
2133251
2133253
2133277
2133281
2133289
2133293
2133311
2133331
2133361
2133367
2133379
2133403
2133407
2133413
2133427
2133431
2133433
2133463
2133487
2133533
2133539
2133541
2133563
2133587
2133589
2133601
2133611
2133613
2133631
2133647
2133673
2133683
2133689
2133697
2133701
2133713
2133739
2133743
2133773
2133793
2133797
2133799
2133811
2133821
2133839
2133899
2133949
2133973
2133991
2133997
2134003
2134007
2134019
2134021
2134063
2134073
2134079
2134087
2134109
2134141
2134157
2134183
2134201
2134241
2134243
2134247
2134259
2134261
2134267
2134273
2134283
2134303
2134339
2134351
2134357
2134373
2134399
2134409
2134417
2134439
2134463
2134471
2134507
2134519
2134529
2134549
2134579
2134589
2134609
2134621
2134633
2134637
2134697
2134703
2134709
2134721
2134751
2134763
2134801
2134813
2134831
2134841
2134849
2134861
2134879
2134921
2134927
2134943
2134949
2134961
2134963
2134991
2135017
2135027
2135051
2135057
2135083
2135099
2135101
2135117
2135141
2135153
2135167
2135173
2135191
2135197
2135207
2135213
2135219
2135227
2135267
2135279
2135303
2135333
2135347
2135369
2135383
2135401
2135407
2135411
2135417
2135447
2135453
2135479
2135503
2135519
2135521
2135533
2135537
2135563
2135597
2135611
2135641
2135663
2135669
2135687
2135689
2135699
2135701
2135713
2135717
2135719
2135723
2135729
2135737
2135743
2135753
2135773
2135779
2135797
2135831
2135851
2135857
2135891
2135909
2135921
2135929
2135933
2135951
2135957
2135971
2136011
2136019
2136023
2136061
2136077
2136083
2136091
2136107
2136109
2136119
2136131
2136133
2136137
2136139
2136143
2136157
2136163
2136181
2136187
2136191
2136193
2136209
2136221
2136247
2136287
2136289
2136301
2136311
2136313
2136347
2136353
2136359
2136361
2136371
2136383
2136389
2136391
2136419
2136437
2136439
2136451
2136457
2136473
2136487
2136527
2136553
2136557
2136559
2136583
2136587
2136593
2136599
2136601
2136643
2136649
2136661
2136707
2136731
2136733
2136773
2136779
2136793
2136811
2136817
2136829
2136833
2136839
2136853
2136863
2136877
2136889
2136913
2136919
2136973
2136977
2136983
2136989
2136991
2136997
2137021
2137033
2137049
2137073
2137117
2137123
2137133
2137141
2137151
2137153
2137159
2137193
2137199
2137211
2137237
2137243
2137259
2137273
2137279
2137301
2137307
2137327
2137339
2137351
2137361
2137391
2137397
2137409
2137411
2137423
2137441
2137451
2137483
2137489
2137493
2137507
2137517
2137547
2137549
2137571
2137613
2137627
2137637
2137669
2137673
2137679
2137687
2137697
2137717
2137727
2137741
2137763
2137771
2137813
2137829
2137841
2137859
2137871
2137879
2137907
2137913
2137921
2137931
2137943
2137957
2137963
2137969
2137973
2137979
2137981
2137987
2137999
2138029
2138033
2138093
2138137
2138167
2138189
2138197
2138207
2138221
2138231
2138239
2138249
2138251
2138263
2138291
2138321
2138327
2138363
2138371
2138377
2138387
2138399
2138401
2138407
2138419
2138429
2138467
2138483
2138491
2138501
2138503
2138527
2138531
2138537
2138551
2138569
2138593
2138623
2138629
2138657
2138671
2138677
2138687
2138693
2138713
2138737
2138743
2138749
2138789
2138797
2138803
2138813
2138831
2138833
2138861
2138867
2138879
2138897
2138909
2138971
2138987
2138989
2138999
2139013
2139043
2139047
2139091
2139107
2139131
2139143
2139149
2139157
2139167
2139199
2139211
2139227
2139233
2139283
2139307
2139311
2139323
2139337
2139353
2139367
2139373
2139383
2139407
2139409
2139427
2139461
2139463
2139481
2139493
2139497
2139499
2139521
2139539
2139541
2139563
2139583
2139607
2139611
2139653
2139659
2139661
2139677
2139691
2139733
2139737
2139743
2139757
2139811
2139817
2139829
2139857
2139859
2139877
2139911
2139919
2139923
2139931
2139937
2139947
2139953
2139959
2139967
2139979
2140001
2140003
2140007
2140013
2140049
2140057
2140069
2140091
2140109
2140121
2140129
2140139
2140157
2140163
2140169
2140199
2140207
2140223
2140231
2140253
2140267
2140273
2140279
2140301
2140309
2140337
2140349
2140363
2140367
2140387
2140393
2140399
2140421
2140441
2140447
2140459
2140477
2140513
2140517
2140531
2140543
2140549
2140573
2140591
2140601
2140603
2140609
2140627
2140631
2140637
2140681
2140729
2140741
2140753
2140763
2140769
2140781
2140807
2140811
2140823
2140843
2140847
2140849
2140877
2140903
2140907
2140913
2140937
2140967
2140969
2140973
2140987
2140993
2141033
2141057
2141059
2141063
2141071
2141123
2141131
2141141
2141149
2141159
2141189
2141197
2141203
2141213
2141219
2141257
2141261
2141297
2141299
2141311
2141329
2141333
2141401
2141407
2141413
2141417
2141437
2141459
2141467
2141497
2141519
2141533
2141543
2141549
2141569
2141591
2141593
2141603
2141617
2141647
2141653
2141669
2141681
2141687
2141693
2141707
2141723
2141731
2141749
2141753
2141791
2141801
2141803
2141807
2141809
2141827
2141849
2141863
2141879
2141891
2141897
2141899
2141903
2141917
2141929
2141941
2141947
2141977
2141987
2142001
2142029
2142037
2142043
2142053
2142061
2142067
2142073
2142083
2142097
2142121
2142149
2142163
2142167
2142169
2142181
2142211
2142227
2142229
2142241
2142251
2142253
2142271
2142281
2142293
2142299
2142341
2142353
2142377
2142397
2142403
2142431
2142449
2142457
2142463
2142499
2142521
2142523
2142529
2142533
2142541
2142551
2142557
2142577
2142583
2142587
2142601
2142641
2142643
2142659
2142667
2142677
2142691
2142713
2142719
2142739
2142743
2142761
2142773
2142793
2142823
2142857
2142883
2142911
2142923
2142941
2142967
2142971
2143019
2143027
2143039
2143051
2143069
2143073
2143081
2143087
2143093
2143109
2143147
2143157
2143177
2143199
2143201
2143217
2143223
2143231
2143243
2143259
2143261
2143279
2143313
2143319
2143331
2143369
2143381
2143391
2143417
2143441
2143451
2143459
2143469
2143481
2143483
2143487
2143489
2143501
2143517
2143541
2143543
2143567
2143571
2143573
2143579
2143621
2143627
2143667
2143711
2143733
2143741
2143753
2143759
2143763
2143793
2143829
2143831
2143837
2143847
2143859
2143861
2143873
2143877
2143901
2143909
2143943
2143957
2143963
2143969
2143993
2144011
2144029
2144033
2144041
2144047
2144063
2144081
2144117
2144123
2144137
2144143
2144161
2144167
2144171
2144179
2144183
2144189
2144209
2144213
2144243
2144249
2144251
2144269
2144273
2144279
2144287
2144309
2144323
2144369
2144371
2144383
2144399
2144407
2144419
2144437
2144449
2144459
2144477
2144479
2144489
2144491
2144501
2144503
2144507
2144509
2144537
2144551
2144609
2144617
2144621
2144629
2144641
2144647
2144671
2144677
2144683
2144687
2144689
2144707
2144713
2144717
2144719
2144729
2144731
2144743
2144749
2144759
2144783
2144789
2144801
2144837
2144843
2144867
2144893
2144897
2144899
2144951
2144953
2144971
2144977
2144993
2144999
2145023
2145047
2145067
2145083
2145089
2145097
2145103
2145109
2145113
2145131
2145137
2145151
2145163
2145173
2145191
2145193
2145197
2145239
2145263
2145277
2145287
2145289
2145307
2145329
2145331
2145337
2145343
2145359
2145361
2145379
2145389
2145401
2145421
2145433
2145439
2145443
2145469
2145487
2145497
2145529
2145547
2145551
2145617
2145629
2145631
2145641
2145643
2145677
2145683
2145707
2145709
2145713
2145721
2145763
2145769
2145779
2145821
2145823
2145827
2145839
2145853
2145937
2145953
2145977
2145991
2146003
2146009
2146043
2146051
2146091
2146093
2146103
2146139
2146141
2146159
2146169
2146181
2146201
2146213
2146219
2146231
2146247
2146253
2146283
2146289
2146303
2146307
2146327
2146357
2146367
2146387
2146393
2146423
2146433
2146439
2146457
2146477
2146483
2146489
2146499
2146511
2146519
2146523
2146531
2146549
2146561
2146589
2146619
2146633
2146663
2146673
2146687
2146691
2146693
2146723
2146733
2146759
2146763
2146787
2146789
2146813
2146817
2146847
2146853
2146897
2146909
2146939
2146979
2146987
2146993
2147009
2147021
2147023
2147039
2147051
2147053
2147059
2147071
2147077
2147081
2147087
2147099
2147107
2147137
2147161
2147177
2147213
2147231
2147237
2147251
2147263
2147269
2147273
2147279
2147281
2147297
2147309
2147329
2147351
2147359
2147381
2147407
2147419
2147429
2147461
2147473
2147489
2147501
2147503
2147527
2147569
2147599
2147611
2147617
2147623
2147633
2147641
2147657
2147693
2147699
2147731
2147737
2147753
2147767
2147771
2147801
2147839
2147843
2147861
2147863
2147869
2147881
2147903
2147909
2147911
2147923
2147941
2147987
2147989
2148011
2148019
2148043
2148049
2148053
2148071
2148073
2148127
2148149
2148163
2148187
2148199
2148203
2148227
2148241
2148287
2148301
2148329
2148337
2148343
2148347
2148353
2148373
2148379
2148383
2148397
2148401
2148403
2148437
2148449
2148451
2148457
2148467
2148473
2148491
2148527
2148529
2148533
2148547
2148583
2148599
2148607
2148617
2148631
2148649
2148659
2148661
2148677
2148709
2148719
2148733
2148737
2148739
2148761
2148781
2148791
2148799
2148803
2148857
2148863
2148869
2148877
2148893
2148899
2148907
2148947
2148983
2148989
2149003
2149031
2149039
2149057
2149061
2149067
2149087
2149093
2149111
2149117
2149127
2149139
2149141
2149151
2149171
2149177
2149181
2149187
2149207
2149211
2149237
2149247
2149249
2149283
2149289
2149331
2149349
2149351
2149379
2149391
2149403
2149409
2149421
2149453
2149471
2149493
2149501
2149517
2149559
2149573
2149591
2149607
2149619
2149621
2149661
2149681
2149687
2149703
2149711
2149727
2149781
2149789
2149813
2149853
2149859
2149867
2149877
2149883
2149897
2149909
2149933
2149937
2149991
2149993
2150009
2150011
2150023
2150039
2150101
2150111
2150119
2150131
2150149
2150171
2150207
2150209
2150221
2150227
2150273
2150299
2150303
2150333
2150341
2150353
2150383
2150399
2150411
2150417
2150419
2150441
2150453
2150471
2150509
2150513
2150527
2150531
2150543
2150567
2150597
2150639
2150641
2150651
2150657
2150663
2150671
2150683
2150689
2150713
2150717
2150719
2150741
2150777
2150783
2150791
2150801
2150809
2150821
2150831
2150839
2150849
2150867
2150879
2150881
2150917
2150923
2150947
2150969
2150977
2151001
2151007
2151011
2151013
2151031
2151073
2151089
2151101
2151119
2151137
2151139
2151157
2151179
2151203
2151211
2151221
2151241
2151251
2151263
2151269
2151271
2151283
2151293
2151301
2151319
2151329
2151337
2151349
2151353
2151377
2151403
2151421
2151433
2151451
2151463
2151467
2151473
2151497
2151509
2151511
2151517
2151521
2151533
2151563
2151593
2151607
2151619
2151623
2151629
2151637
2151647
2151659
2151683
2151701
2151703
2151767
2151781
2151791
2151817
2151827
2151847
2151869
2151899
2151917
2151923
2151943
2151971
2151977
2151991
2152001
2152009
2152037
2152043
2152063
2152069
2152079
2152093
2152103
2152123
2152127
2152153
2152159
2152169
2152201
2152211
2152219
2152229
2152231
2152247
2152291
2152303
2152307
2152309
2152321
2152343
2152357
2152369
2152373
2152393
2152399
2152427
2152429
2152433
2152457
2152477
2152481
2152483
2152499
2152511
2152517
2152559
2152571
2152589
2152607
2152621
2152637
2152663
2152669
2152679
2152691
2152729
2152739
2152753
2152783
2152789
2152793
2152811
2152817
2152819
2152831
2152837
2152841
2152847
2152849
2152861
2152867
2152879
2152883
2152903
2152907
2152921
2152939
2152949
2152957
2152973
2153051
2153057
2153059
2153069
2153071
2153083
2153089
2153111
2153113
2153149
2153159
2153171
2153201
2153209
2153227
2153243
2153267
2153273
2153297
2153299
2153317
2153321
2153341
2153351
2153369
2153377
2153387
2153401
2153419
2153429
2153449
2153471
2153491
2153507
2153519
2153531
2153551
2153561
2153563
2153621
2153633
2153639
2153647
2153693
2153699
2153717
2153729
2153737
2153773
2153779
2153797
2153813
2153819
2153839
2153861
2153873
2153887
2153891
2153903
2153909
2153929
2153939
2153953
2153959
2153981
2153989
2153993
2154007
2154013
2154037
2154041
2154043
2154059
2154071
2154077
2154109
2154127
2154137
2154143
2154161
2154169
2154193
2154209
2154227
2154241
2154259
2154281
2154293
2154307
2154311
2154319
2154329
2154331
2154389
2154413
2154419
2154487
2154491
2154499
2154533
2154539
2154541
2154553
2154577
2154587
2154611
2154629
2154641
2154643
2154667
2154683
2154707
2154727
2154731
2154743
2154749
2154791
2154793
2154811
2154829
2154839
2154851
2154853
2154871
2154881
2154899
2154907
2154913
2154931
2154941
2154949
2154953
2154967
2154973
2154979
2155003
2155007
2155009
2155057
2155067
2155079
2155103
2155121
2155129
2155133
2155159
2155163
2155171
2155177
2155183
2155187
2155201
2155207
2155253
2155259
2155267
2155271
2155273
2155291
2155297
2155319
2155327
2155333
2155381
2155393
2155397
2155409
2155423
2155429
2155451
2155463
2155477
2155487
2155499
2155511
2155513
2155519
2155579
2155597
2155603
2155609
2155613
2155627
2155639
2155661
2155667
2155691
2155711
2155717
2155723
2155733
2155781
2155793
2155799
2155837
2155841
2155849
2155861
2155877
2155883
2155931
2155961
2155963
2155999
2156009
2156017
2156023
2156039
2156041
2156053
2156071
2156083
2156087
2156111
2156117
2156123
2156159
2156171
2156183
2156207
2156221
2156251
2156269
2156279
2156299
2156303
2156309
2156311
2156317
2156339
2156351
2156359
2156369
2156377
2156383
2156387
2156393
2156417
2156437
2156447
2156459
2156461
2156491
2156507
2156521
2156537
2156597
2156599
2156617
2156629
2156647
2156659
2156669
2156681
2156683
2156699
2156711
2156719
2156731
2156753
2156761
2156789
2156801
2156809
2156813
2156839
2156849
2156851
2156857
2156867
2156873
2156879
2156897
2156939
2156993
2157007
2157017
2157031
2157037
2157041
2157091
2157097
2157109
2157119
2157121
2157131
2157149
2157151
2157157
2157163
2157173
2157187
2157209
2157229
2157247
2157251
2157257
2157269
2157277
2157293
2157301
2157307
2157313
2157319
2157329
2157341
2157343
2157361
2157391
2157401
2157413
2157427
2157451
2157457
2157481
2157499
2157503
2157511
2157517
2157523
2157527
2157539
2157557
2157559
2157563
2157587
2157641
2157667
2157671
2157677
2157679
2157709
2157721
2157731
2157733
2157737
2157739
2157763
2157767
2157769
2157787
2157797
2157821
2157823
2157833
2157839
2157851
2157863
2157893
2157899
2157901
2157907
2157913
2157923
2157989
2158019
2158027
2158033
2158061
2158069
2158073
2158081
2158087
2158097
2158103
2158129
2158139
2158147
2158157
2158171
2158181
2158183
2158223
2158231
2158237
2158259
2158291
2158301
2158307
2158333
2158357
2158367
2158369
2158393
2158423
2158427
2158433
2158447
2158459
2158477
2158483
2158501
2158523
2158547
2158549
2158567
2158577
2158579
2158589
2158591
2158601
2158603
2158621
2158627
2158631
2158649
2158679
2158693
2158697
2158699
2158721
2158727
2158733
2158753
2158759
2158763
2158769
2158771
2158781
2158801
2158811
2158817
2158823
2158831
2158841
2158843
2158859
2158889
2158903
2158909
2158921
2158931
2158979
2158993
2158999
2159023
2159041
2159063
2159081
2159083
2159093
2159147
2159177
2159191
2159197
2159207
2159231
2159233
2159237
2159239
2159249
2159251
2159281
2159291
2159299
2159303
2159327
2159329
2159351
2159359
2159363
2159383
2159419
2159449
2159453
2159473
2159497
2159501
2159513
2159519
2159533
2159537
2159551
2159557
2159609
2159621
2159627
2159639
2159669
2159671
2159681
2159701
2159713
2159719
2159767
2159771
2159779
2159783
2159789
2159809
2159819
2159821
2159831
2159881
2159887
2159893
2159897
2159903
2159923
2159947
2159951
2159957
2159959
2160001
2160017
2160029
2160031
2160061
2160101
2160113
2160127
2160131
2160133
2160149
2160161
2160203
2160209
2160211
2160217
2160233
2160247
2160253
2160259
2160283
2160293
2160311
2160337
2160341
2160349
2160373
2160383
2160391
2160409
2160419
2160443
2160461
2160463
2160469
2160527
2160533
2160553
2160563
2160589
2160617
2160619
2160629
2160671
2160677
2160721
2160733
2160749
2160773
2160787
2160797
2160833
2160841
2160857
2160881
2160883
2160913
2160923
2160931
2160937
2160953
2160967
2160971
2160997
2161001
2161007
2161031
2161087
2161121
2161127
2161129
2161141
2161157
2161163
2161177
2161189
2161199
2161213
2161253
2161259
2161279
2161297
2161301
2161303
2161319
2161331
2161337
2161343
2161349
2161373
2161409
2161417
2161427
2161433
2161447
2161469
2161493
2161513
2161553
2161571
2161591
2161613
2161633
2161637
2161639
2161697
2161699
2161729
2161751
2161759
2161769
2161777
2161781
2161787
2161813
2161823
2161829
2161843
2161849
2161853
2161871
2161883
2161897
2161903
2161919
2161927
2161933
2161949
2161963
2161967
2161987
2162003
2162057
2162059
2162063
2162071
2162087
2162089
2162113
2162119
2162137
2162177
2162183
2162189
2162191
2162197
2162203
2162221
2162231
2162239
2162249
2162263
2162273
2162297
2162323
2162339
2162351
2162353
2162359
2162387
2162393
2162401
2162441
2162449
2162497
2162507
2162509
2162543
2162549
2162557
2162569
2162579
2162581
2162597
2162603
2162623
2162639
2162647
2162651
2162659
2162663
2162681
2162717
2162737
2162747
2162803
2162807
2162813
2162821
2162843
2162869
2162879
2162899
2162911
2162929
2162947
2162957
2162959
2162971
2162977
2163011
2163013
2163041
2163043
2163059
2163067
2163071
2163079
2163101
2163107
2163113
2163137
2163163
2163167
2163181
2163193
2163221
2163223
2163241
2163247
2163251
2163263
2163281
2163289
2163307
2163341
2163347
2163349
2163361
2163401
2163409
2163431
2163439
2163443
2163461
2163467
2163479
2163481
2163503
2163509
2163527
2163547
2163569
2163571
2163593
2163613
2163653
2163671
2163673
2163677
2163691
2163703
2163737
2163751
2163757
2163761
2163767
2163787
2163809
2163823
2163827
2163829
2163851
2163859
2163869
2163881
2163883
2163911
2163919
2163923
2163949
2163971
2163979
2163983
2164003
2164013
2164031
2164037
2164039
2164073
2164111
2164121
2164171
2164177
2164193
2164223
2164229
2164247
2164273
2164291
2164307
2164313
2164367
2164387
2164399
2164417
2164429
2164433
2164441
2164447
2164453
2164471
2164483
2164489
2164493
2164501
2164511
2164529
2164571
2164583
2164597
2164607
2164609
2164619
2164621
2164633
2164639
2164681
2164739
2164787
2164801
2164807
2164817
2164843
2164853
2164859
2164901
2164919
2164927
2164963
2164979
2164991
2165017
2165027
2165029
2165039
2165047
2165057
2165063
2165077
2165081
2165083
2165089
2165117
2165131
2165143
2165147
2165159
2165201
2165213
2165231
2165237
2165249
2165291
2165321
2165323
2165327
2165357
2165393
2165413
2165453
2165461
2165467
2165483
2165521
2165531
2165533
2165543
2165551
2165557
2165591
2165593
2165599
2165617
2165651
2165659
2165663
2165671
2165687
2165701
2165707
2165711
2165741
2165747
2165771
2165773
2165809
2165819
2165843
2165857
2165873
2165893
2165897
2165903
2165921
2165929
2165941
2165957
2165959
2165963
2165971
2166007
2166023
2166029
2166041
2166053
2166077
2166113
2166119
2166121
2166127
2166137
2166161
2166167
2166179
2166221
2166233
2166251
2166289
2166319
2166403
2166407
2166419
2166427
2166431
2166449
2166457
2166467
2166509
2166511
2166523
2166529
2166533
2166547
2166553
2166557
2166581
2166601
2166607
2166613
2166629
2166673
2166679
2166691
2166709
2166721
2166763
2166797
2166821
2166833
2166877
2166917
2166919
2166937
2166943
2166947
2166949
2166953
2166961
2166977
2167003
2167019
2167021
2167031
2167063
2167073
2167079
2167091
2167093
2167097
2167103
2167111
2167163
2167183
2167189
2167237
2167259
2167261
2167289
2167327
2167339
2167351
2167367
2167369
2167393
2167409
2167421
2167433
2167439
2167441
2167447
2167469
2167471
2167507
2167519
2167531
2167537
2167549
2167573
2167579
2167609
2167621
2167643
2167661
2167703
2167717
2167723
2167741
2167747
2167769
2167771
2167777
2167813
2167829
2167849
2167873
2167883
2167889
2167903
2167933
2167937
2167939
2167961
2167973
2167987
2167999
2168009
2168021
2168029
2168051
2168057
2168059
2168081
2168093
2168107
2168143
2168149
2168183
2168219
2168239
2168263
2168273
2168291
2168293
2168297
2168303
2168317
2168323
2168329
2168339
2168347
2168351
2168363
2168377
2168399
2168407
2168429
2168437
2168473
2168483
2168497
2168501
2168519
2168521
2168549
2168557
2168563
2168567
2168581
2168587
2168599
2168609
2168623
2168651
2168653
2168657
2168659
2168669
2168671
2168687
2168689
2168701
2168711
2168713
2168731
2168737
2168743
2168753
2168797
2168801
2168807
2168819
2168827
2168851
2168861
2168863
2168867
2168879
2168893
2168917
2168921
2168951
2168953
2168987
2168989
2169007
2169029
2169031
2169071
2169073
2169109
2169133
2169137
2169143
2169151
2169157
2169161
2169169
2169203
2169227
2169281
2169289
2169311
2169313
2169331
2169359
2169361
2169389
2169397
2169443
2169457
2169467
2169469
2169499
2169509
2169511
2169529
2169539
2169571
2169617
2169619
2169631
2169637
2169641
2169649
2169653
2169677
2169683
2169691
2169701
2169707
2169749
2169757
2169773
2169799
2169803
2169821
2169833
2169841
2169859
2169877
2169883
2169913
2169941
2169967
2169991
2169997
2170039
2170043
2170061
2170109
2170111
2170117
2170121
2170127
2170141
2170153
2170159
2170193
2170213
2170219
2170229
2170241
2170243
2170247
2170261
2170283
2170291
2170307
2170321
2170361
2170369
2170379
2170387
2170393
2170409
2170411
2170423
2170429
2170453
2170477
2170481
2170501
2170513
2170523
2170529
2170537
2170549
2170573
2170583
2170603
2170607
2170627
2170639
2170643
2170657
2170667
2170673
2170681
2170697
2170703
2170723
2170741
2170757
2170771
2170783
2170813
2170823
2170829
2170871
2170877
2170897
2170907
2170919
2170937
2170939
2170943
2171003
2171011
2171017
2171021
2171077
2171089
2171101
2171107
2171119
2171159
2171161
2171203
2171219
2171231
2171243
2171249
2171261
2171293
2171311
2171329
2171341
2171347
2171383
2171387
2171431
2171437
2171441
2171497
2171503
2171509
2171527
2171551
2171557
2171579
2171593
2171599
2171621
2171623
2171627
2171633
2171639
2171657
2171707
2171711
2171717
2171737
2171749
2171753
2171759
2171761
2171773
2171777
2171831
2171837
2171843
2171857
2171881
2171899
2171929
2171941
2171951
2171963
2171977
2171989
2171999
2172007
2172031
2172041
2172047
2172067
2172083
2172089
2172091
2172109
2172113
2172151
2172161
2172173
2172179
2172197
2172211
2172227
2172229
2172239
2172241
2172253
2172257
2172283
2172323
2172337
2172343
2172347
2172367
2172371
2172383
2172389
2172397
2172427
2172433
2172461
2172473
2172491
2172497
2172539
2172551
2172559
2172563
2172571
2172581
2172587
2172613
2172619
2172641
2172659
2172673
2172679
2172701
2172721
2172727
2172733
2172761
2172773
2172791
2172799
2172803
2172811
2172817
2172823
2172827
2172829
2172839
2172847
2172851
2172853
2172869
2172871
2172887
2172893
2172901
2172917
2172943
2172949
2172967
2172977
2172979
2172983
2172997
2173001
2173009
2173013
2173033
2173043
2173051
2173079
2173081
2173099
2173111
2173141
2173151
2173153
2173183
2173207
2173219
2173243
2173307
2173319
2173333
2173337
2173357
2173361
2173363
2173387
2173393
2173411
2173447
2173453
2173487
2173499
2173513
2173519
2173529
2173531
2173553
2173571
2173573
2173601
2173643
2173649
2173651
2173663
2173679
2173711
2173727
2173729
2173747
2173757
2173763
2173777
2173819
2173877
2173879
2173883
2173889
2173903
2173907
2173957
2173967
2173981
2173993
2174017
2174023
2174033
2174047
2174057
2174063
2174071
2174077
2174089
2174119
2174131
2174141
2174171
2174197
2174203
2174243
2174251
2174261
2174269
2174273
2174281
2174287
2174299
2174321
2174383
2174387
2174399
2174401
2174407
2174423
2174461
2174479
2174483
2174533
2174539
2174573
2174587
2174591
2174593
2174603
2174609
2174611
2174617
2174629
2174647
2174663
2174677
2174693
2174699
2174701
2174717
2174723
2174729
2174741
2174771
2174773
2174803
2174807
2174891
2174923
2174941
2174947
2174951
2174981
2174999
2175007
2175023
2175059
2175073
2175079
2175083
2175097
2175109
2175127
2175161
2175169
2175191
2175197
2175223
2175233
2175247
2175263
2175293
2175311
2175323
2175331
2175353
2175373
2175391
2175431
2175449
2175451
2175461
2175469
2175479
2175497
2175529
2175533
2175553
2175559
2175577
2175587
2175599
2175601
2175629
2175659
2175661
2175683
2175707
2175713
2175721
2175727
2175737
2175763
2175769
2175773
2175781
2175787
2175791
2175793
2175827
2175851
2175853
2175857
2175871
2175889
2175907
2175917
2175947
2175977
2175991
2175997
2176033
2176039
2176049
2176087
2176091
2176117
2176121
2176129
2176133
2176151
2176171
2176183
2176193
2176201
2176211
2176243
2176253
2176261
2176271
2176301
2176309
2176313
2176327
2176331
2176337
2176351
2176373
2176387
2176397
2176409
2176411
2176423
2176439
2176457
2176477
2176483
2176501
2176543
2176547
2176549
2176571
2176579
2176591
2176609
2176613
2176619
2176627
2176631
2176633
2176637
2176639
2176661
2176667
2176679
2176693
2176709
2176723
2176729
2176739
2176753
2176771
2176781
2176807
2176817
2176829
2176831
2176843
2176871
2176873
2176877
2176883
2176891
2176921
2176939
2176949
2176957
2176997
2177009
2177011
2177027
2177053
2177069
2177083
2177093
2177101
2177113
2177143
2177167
2177237
2177239
2177243
2177281
2177297
2177321
2177323
2177327
2177333
2177353
2177363
2177389
2177401
2177429
2177431
2177437
2177443
2177447
2177449
2177453
2177467
2177501
2177503
2177507
2177509
2177519
2177521
2177531
2177537
2177569
2177573
2177579
2177587
2177597
2177599
2177627
2177653
2177677
2177687
2177689
2177699
2177737
2177753
2177759
2177767
2177779
2177789
2177803
2177807
2177827
2177881
2177891
2177899
2177911
2177957
2177963
2177971
2177977
2177983
2177999
2178037
2178049
2178073
2178083
2178131
2178133
2178139
2178149
2178151
2178157
2178173
2178191
2178203
2178223
2178257
2178259
2178263
2178271
2178283
2178313
2178343
2178359
2178367
2178373
2178377
2178383
2178389
2178409
2178419
2178433
2178439
2178443
2178461
2178467
2178479
2178511
2178541
2178557
2178571
2178581
2178599
2178611
2178619
2178641
2178643
2178647
2178653
2178677
2178679
2178691
2178707
2178719
2178731
2178733
2178739
2178751
2178763
2178791
2178797
2178823
2178829
2178877
2178889
2178937
2178947
2178983
2178991
2179007
2179013
2179033
2179039
2179049
2179063
2179097
2179139
2179141
2179153
2179187
2179211
2179217
2179223
2179241
2179253
2179271
2179279
2179291
2179297
2179301
2179327
2179339
2179361
2179367
2179391
2179399
2179459
2179477
2179523
2179537
2179543
2179571
2179589
2179603
2179607
2179609
2179643
2179649
2179651
2179679
2179693
2179729
2179741
2179747
2179753
2179759
2179763
2179769
2179777
2179787
2179811
2179819
2179823
2179831
2179867
2179897
2179909
2179921
2179939
2179967
2179981
2179993
2179997
2180021
2180027
2180033
2180039
2180051
2180071
2180083
2180089
2180107
2180111
2180119
2180141
2180149
2180159
2180173
2180177
2180179
2180183
2180219
2180221
2180251
2180281
2180293
2180303
2180329
2180333
2180341
2180351
2180357
2180371
2180389
2180393
2180417
2180467
2180491
2180501
2180527
2180537
2180543
2180551
2180557
2180569
2180587
2180603
2180627
2180677
2180681
2180683
2180693
2180701
2180719
2180723
2180741
2180747
2180797
2180803
2180807
2180813
2180833
2180863
2180873
2180911
2180921
2180923
2180957
2180963
2180993
2180999
2181007
2181017
2181031
2181071
2181073
2181079
2181097
2181131
2181139
2181149
2181161
2181169
2181173
2181203
2181209
2181217
2181227
2181229
2181233
2181247
2181259
2181271
2181329
2181331
2181337
2181341
2181349
2181359
2181373
2181379
2181419
2181449
2181461
2181463
2181469
2181503
2181539
2181541
2181547
2181551
2181577
2181581
2181601
2181607
2181611
2181629
2181649
2181659
2181671
2181689
2181709
2181719
2181731
2181737
2181833
2181857
2181869
2181871
2181889
2181919
2181937
2181947
2181953
2181973
2182007
2182009
2182021
2182027
2182039
2182057
2182073
2182087
2182091
2182097
2182099
2182109
2182129
2182133
2182139
2182177
2182181
2182199
2182211
2182249
2182253
2182259
2182303
2182333
2182343
2182387
2182399
2182417
2182421
2182429
2182441
2182451
2182489
2182513
2182529
2182559
2182561
2182567
2182573
2182577
2182601
2182603
2182619
2182639
2182657
2182669
2182703
2182709
2182759
2182781
2182811
2182813
2182819
2182841
2182847
2182867
2182871
2182877
2182897
2182931
2182937
2182949
2182991
2182993
2182997
2183029
2183063
2183107
2183117
2183131
2183141
2183171
2183189
2183201
2183227
2183231
2183249
2183261
2183281
2183287
2183303
2183339
2183341
2183353
2183359
2183371
2183383
2183387
2183417
2183431
2183453
2183471
2183501
2183507
2183509
2183521
2183527
2183539
2183543
2183557
2183561
2183569
2183579
2183581
2183593
2183641
2183663
2183681
2183683
2183707
2183719
2183723
2183737
2183749
2183771
2183773
2183789
2183791
2183807
2183809
2183821
2183833
2183843
2183849
2183869
2183899
2183921
2183953
2183957
2183959
2183963
2183969
2184001
2184047
2184053
2184059
2184067
2184071
2184089
2184101
2184131
2184151
2184157
2184179
2184187
2184197
2184199
2184209
2184223
2184257
2184263
2184277
2184283
2184293
2184307
2184317
2184319
2184323
2184331
2184359
2184361
2184389
2184397
2184407
2184409
2184461
2184473
2184491
2184499
2184503
2184509
2184547
2184557
2184583
2184617
2184631
2184641
2184647
2184649
2184667
2184673
2184697
2184703
2184709
2184727
2184761
2184769
2184779
2184799
2184811
2184827
2184859
2184863
2184869
2184877
2184881
2184893
2184899
2184913
2184929
2184967
2184971
2184979
2184989
2184991
2184997
2185009
2185021
2185033
2185037
2185091
2185103
2185151
2185181
2185187
2185189
2185193
2185199
2185201
2185241
2185279
2185291
2185297
2185343
2185357
2185363
2185369
2185373
2185387
2185409
2185427
2185429
2185433
2185439
2185471
2185481
2185493
2185511
2185517
2185523
2185541
2185567
2185577
2185619
2185637
2185649
2185657
2185661
2185697
2185699
2185709
2185723
2185727
2185739
2185747
2185789
2185801
2185853
2185861
2185867
2185871
2185873
2185889
2185901
2185907
2185913
2185919
2185921
2185949
2185973
2185987
2185999
2186003
2186011
2186029
2186039
2186059
2186087
2186099
2186101
2186113
2186141
2186189
2186203
2186209
2186221
2186227
2186231
2186269
2186287
2186291
2186297
2186309
2186333
2186341
2186351
2186369
2186389
2186453
2186467
2186473
2186491
2186519
2186533
2186537
2186543
2186551
2186563
2186567
2186573
2186579
2186603
2186617
2186627
2186651
2186677
2186683
2186689
2186707
2186713
2186719
2186731
2186747
2186753
2186773
2186791
2186797
2186809
2186827
2186831
2186837
2186839
2186857
2186869
2186879
2186903
2186929
2186941
2186969
2186993
2187011
2187037
2187043
2187049
2187061
2187077
2187103
2187113
2187121
2187149
2187161
2187193
2187197
2187217
2187233
2187247
2187259
2187287
2187293
2187301
2187319
2187331
2187343
2187359
2187379
2187389
2187397
2187421
2187457
2187463
2187491
2187511
2187517
2187529
2187571
2187583
2187587
2187613
2187629
2187667
2187671
2187683
2187697
2187707
2187727
2187743
2187769
2187791
2187811
2187817
2187827
2187833
2187851
2187863
2187877
2187901
2187919
2187929
2187943
2187953
2187959
2187961
2187971
2187973
2187979
2188001
2188031
2188033
2188037
2188049
2188061
2188099
2188111
2188117
2188127
2188157
2188159
2188163
2188169
2188171
2188181
2188213
2188231
2188237
2188261
2188267
2188271
2188279
2188283
2188297
2188309
2188327
2188331
2188339
2188343
2188349
2188409
2188411
2188429
2188447
2188451
2188463
2188481
2188489
2188493
2188531
2188541
2188583
2188607
2188609
2188639
2188651
2188663
2188673
2188679
2188687
2188691
2188729
2188751
2188757
2188783
2188787
2188789
2188799
2188807
2188811
2188831
2188861
2188871
2188873
2188877
2188909
2188913
2188919
2188981
2188987
2188993
2189017
2189021
2189027
2189029
2189053
2189063
2189081
2189101
2189147
2189153
2189167
2189171
2189177
2189183
2189207
2189219
2189221
2189227
2189249
2189267
2189273
2189281
2189287
2189303
2189309
2189321
2189323
2189329
2189333
2189339
2189357
2189371
2189381
2189399
2189417
2189419
2189459
2189461
2189477
2189491
2189513
2189521
2189533
2189543
2189563
2189573
2189599
2189609
2189633
2189639
2189647
2189699
2189713
2189723
2189729
2189741
2189743
2189767
2189783
2189791
2189797
2189813
2189843
2189867
2189879
2189881
2189939
2189981
2189987
2189989
2190017
2190031
2190043
2190047
2190077
2190079
2190091
2190103
2190107
2190131
2190143
2190157
2190169
2190173
2190191
2190193
2190203
2190217
2190233
2190269
2190271
2190277
2190299
2190311
2190317
2190329
2190337
2190347
2190361
2190371
2190389
2190403
2190407
2190413
2190427
2190439
2190469
2190473
2190479
2190481
2190499
2190521
2190523
2190533
2190541
2190577
2190581
2190583
2190593
2190599
2190607
2190613
2190647
2190653
2190679
2190691
2190737
2190751
2190763
2190809
2190817
2190821
2190823
2190829
2190857
2190887
2190901
2190959
2190971
2190983
2190997
2191001
2191019
2191027
2191031
2191051
2191067
2191069
2191087
2191097
2191121
2191127
2191159
2191169
2191171
2191193
2191199
2191229
2191243
2191247
2191261
2191291
2191331
2191337
2191339
2191363
2191373
2191393
2191429
2191433
2191451
2191457
2191459
2191471
2191477
2191489
2191493
2191507
2191513
2191523
2191529
2191537
2191549
2191561
2191583
2191619
2191627
2191633
2191687
2191703
2191711
2191723
2191727
2191799
2191807
2191811
2191823
2191873
2191883
2191949
2191951
2191957
2191967
2191993
2192009
2192017
2192051
2192053
2192059
2192063
2192077
2192089
2192093
2192101
2192111
2192123
2192129
2192131
2192143
2192161
2192207
2192243
2192249
2192251
2192257
2192261
2192273
2192293
2192299
2192327
2192339
2192341
2192363
2192387
2192417
2192423
2192431
2192459
2192471
2192549
2192563
2192569
2192573
2192579
2192587
2192591
2192621
2192623
2192629
2192633
2192651
2192653
2192669
2192713
2192717
2192737
2192741
2192747
2192761
2192783
2192789
2192791
2192821
2192831
2192837
2192849
2192851
2192857
2192863
2192873
2192887
2192899
2192917
2192921
2192933
2192941
2192947
2192963
2193007
2193019
2193031
2193041
2193053
2193077
2193097
2193127
2193137
2193167
2193173
2193181
2193197
2193209
2193223
2193239
2193251
2193259
2193263
2193271
2193311
2193313
2193319
2193337
2193353
2193371
2193383
2193413
2193419
2193421
2193439
2193449
2193463
2193469
2193479
2193481
2193509
2193523
2193547
2193553
2193557
2193599
2193601
2193637
2193641
2193643
2193649
2193661
2193673
2193677
2193689
2193701
2193703
2193707
2193713
2193733
2193739
2193749
2193757
2193769
2193791
2193803
2193827
2193847
2193853
2193881
2193883
2193887
2193889
2193929
2193941
2193943
2193953
2193959
2193967
2193973
2193979
2194013
2194019
2194021
2194051
2194069
2194133
2194187
2194193
2194201
2194229
2194243
2194261
2194267
2194301
2194319
2194321
2194327
2194337
2194351
2194369
2194391
2194403
2194417
2194421
2194429
2194441
2194447
2194457
2194471
2194487
2194501
2194529
2194531
2194537
2194553
2194579
2194613
2194631
2194639
2194663
2194667
2194679
2194697
2194721
2194723
2194739
2194757
2194811
2194847
2194879
2194883
2194897
2194901
2194903
2194931
2194939
2194961
2194967
2194979
2194991
2194993
2195003
2195009
2195029
2195047
2195059
2195071
2195113
2195117
2195119
2195147
2195177
2195191
2195201
2195233
2195243
2195273
2195287
2195299
2195311
2195339
2195341
2195351
2195359
2195381
2195383
2195399
2195411
2195441
2195443
2195461
2195467
2195471
2195521
2195527
2195563
2195579
2195581
2195597
2195629
2195653
2195671
2195681
2195701
2195707
2195717
2195723
2195729
2195731
2195749
2195759
2195777
2195801
2195819
2195827
2195861
2195863
2195867
2195891
2195899
2195911
2195917
2195923
2195933
2195969
2195989
2196011
2196031
2196037
2196041
2196049
2196067
2196079
2196091
2196107
2196113
2196119
2196127
2196137
2196143
2196149
2196167
2196197
2196221
2196239
2196287
2196289
2196307
2196331
2196347
2196361
2196367
2196377
2196401
2196407
2196413
2196433
2196449
2196473
2196487
2196499
2196529
2196539
2196541
2196559
2196563
2196583
2196589
2196599
2196611
2196613
2196619
2196641
2196659
2196673
2196697
2196703
2196709
2196713
2196731
2196737
2196749
2196763
2196767
2196781
2196809
2196829
2196841
2196853
2196869
2196871
2196881
2196889
2196917
2196941
2196959
2196967
2196977
2196979
2197021
2197043
2197049
2197087
2197157
2197163
2197177
2197183
2197189
2197193
2197241
2197253
2197277
2197289
2197309
2197333
2197357
2197361
2197367
2197381
2197387
2197409
2197411
2197421
2197427
2197453
2197463
2197469
2197487
2197493
2197501
2197513
2197523
2197537
2197561
2197567
2197589
2197603
2197609
2197631
2197633
2197651
2197681
2197693
2197697
2197703
2197733
2197739
2197747
2197753
2197759
2197771
2197781
2197799
2197847
2197849
2197873
2197907
2197919
2197933
2197961
2197973
2198003
2198011
2198029
2198039
2198057
2198093
2198137
2198153
2198159
2198191
2198201
2198227
2198269
2198291
2198293
2198309
2198327
2198347
2198359
2198369
2198377
2198401
2198407
2198411
2198419
2198431
2198437
2198447
2198453
2198473
2198477
2198507
2198513
2198527
2198533
2198569
2198591
2198597
2198617
2198653
2198659
2198663
2198671
2198689
2198701
2198723
2198747
2198759
2198761
2198767
2198783
2198827
2198843
2198863
2198879
2198881
2198887
2198897
2198909
2198981
2199061
2199077
2199121
2199133
2199143
2199151
2199163
2199173
2199179
2199181
2199187
2199203
2199209
2199217
2199221
2199229
2199247
2199277
2199299
2199311
2199313
2199361
2199371
2199377
2199401
2199427
2199433
2199479
2199499
2199521
2199523
2199529
2199577
2199601
2199623
2199629
2199643
2199653
2199661
2199683
2199689
2199719
2199739
2199781
2199803
2199823
2199833
2199859
2199889
2199893
2199907
2199917
2199931
2199941
2199959
2199961
2199971
2199979
