2300003
2300017
2300021
2300029
2300047
2300057
2300063
2300071
2300087
2300131
2300143
2300149
2300153
2300167
2300173
2300189
2300201
2300203
2300209
2300239
2300261
2300267
2300269
2300279
2300281
2300297
2300317
2300323
2300357
2300377
2300399
2300413
2300429
2300443
2300447
2300489
2300497
2300513
2300527
2300531
2300563
2300581
2300591
2300609
2300611
2300651
2300659
2300671
2300689
2300693
2300707
2300719
2300731
2300747
2300761
2300777
2300803
2300813
2300819
2300833
2300839
2300861
2300869
2300891
2300911
2300923
2300927
2300951
2300953
2300959
2300971
2300983
2300999
2301011
2301017
2301023
2301029
2301031
2301041
2301049
2301077
2301097
2301107
2301119
2301151
2301163
2301193
2301197
2301199
2301209
2301217
2301227
2301241
2301251
2301259
2301269
2301281
2301283
2301287
2301293
2301301
2301319
2301361
2301389
2301401
2301407
2301421
2301461
2301473
2301479
2301491
2301493
2301499
2301503
2301521
2301547
2301569
2301571
2301581
2301589
2301599
2301601
2301619
2301623
2301683
2301703
2301707
2301709
2301727
2301743
2301757
2301779
2301787
2301797
2301811
2301821
2301829
2301841
2301847
2301857
2301877
2301883
2301889
2301899
2301941
2301973
2301977
2301989
2301997
2302009
2302019
2302043
2302051
2302067
2302087
2302099
2302117
2302151
2302159
2302169
2302217
2302219
2302229
2302243
2302253
2302283
2302291
2302301
2302303
2302309
2302331
2302343
2302367
2302379
2302381
2302387
2302403
2302411
2302441
2302451
2302453
2302471
2302481
2302511
2302523
2302537
2302543
2302561
2302579
2302609
2302631
2302661
2302679
2302681
2302709
2302717
2302753
2302757
2302787
2302793
2302799
2302841
2302879
2302889
2302907
2302913
2302969
2302981
2302987
2302999
2303003
2303017
2303029
2303057
2303089
2303117
2303129
2303137
2303153
2303159
2303173
2303179
2303219
2303227
2303239
2303251
2303263
2303293
2303297
2303303
2303309
2303321
2303359
2303377
2303387
2303407
2303437
2303461
2303471
2303489
2303501
2303513
2303531
2303533
2303563
2303569
2303573
2303591
2303593
2303597
2303599
2303621
2303627
2303629
2303663
2303669
2303677
2303681
2303701
2303713
2303723
2303729
2303753
2303767
2303779
2303783
2303797
2303803
2303843
2303849
2303867
2303923
2303927
2303947
2303971
2303981
2303989
2303999
2304011
2304017
2304019
2304023
2304037
2304053
2304059
2304089
2304097
2304103
2304139
2304157
2304179
2304191
2304217
2304223
2304229
2304233
2304251
2304257
2304271
2304283
2304287
2304307
2304317
2304319
2304343
2304349
2304373
2304389
2304403
2304443
2304451
2304461
2304479
2304521
2304527
2304541
2304553
2304559
2304563
2304581
2304593
2304607
2304611
2304629
2304637
2304647
2304689
2304691
2304721
2304727
2304749
2304773
2304781
2304787
2304791
2304793
2304803
2304823
2304839
2304851
2304857
2304893
2304901
2304931
2304937
2304961
2304997
2305003
2305027
2305049
2305091
2305103
2305109
2305111
2305117
2305133
2305153
2305169
2305271
2305279
2305291
2305301
2305321
2305333
2305337
2305339
2305351
2305357
2305361
2305363
2305393
2305409
2305411
2305463
2305481
2305483
2305487
2305549
2305607
2305609
2305613
2305621
2305627
2305637
2305643
2305649
2305651
2305691
2305711
2305733
2305747
2305753
2305763
2305777
2305781
2305837
2305883
2305889
2305903
2305909
2305949
2305967
2305969
2305987
2306023
2306027
2306039
2306041
2306053
2306063
2306071
2306081
2306107
2306119
2306123
2306131
2306147
2306153
2306159
2306179
2306191
2306197
2306221
2306261
2306267
2306299
2306303
2306309
2306327
2306329
2306333
2306357
2306363
2306387
2306389
2306393
2306413
2306449
2306453
2306519
2306527
2306531
2306561
2306567
2306569
2306587
2306597
2306621
2306627
2306639
2306641
2306651
2306663
2306671
2306677
2306737
2306753
2306761
2306797
2306851
2306867
2306881
2306893
2306897
2306911
2306957
2306971
2306977
2306981
2307031
2307043
2307047
2307059
2307073
2307083
2307091
2307103
2307119
2307127
2307139
2307157
2307161
2307163
2307167
2307181
2307187
2307191
2307197
2307229
2307233
2307247
2307259
2307281
2307289
2307307
2307367
2307373
2307377
2307391
2307397
2307407
2307419
2307449
2307451
2307467
2307469
2307479
2307499
2307517
2307523
2307527
2307541
2307553
2307577
2307581
2307589
2307593
2307601
2307611
2307623
2307629
2307637
2307661
2307677
2307689
2307703
2307709
2307757
2307763
2307821
2307863
2307871
2307881
2307887
2307913
2307923
2307941
2307953
2307959
2307967
2307973
2307979
2307983
2307989
2308001
2308003
2308049
2308051
2308069
2308079
2308099
2308109
2308121
2308151
2308169
2308181
2308183
2308193
2308199
2308213
2308219
2308223
2308231
2308237
2308247
2308261
2308279
2308297
2308321
2308357
2308387
2308391
2308399
2308403
2308417
2308451
2308463
2308469
2308483
2308507
2308513
2308517
2308529
2308531
2308543
2308561
2308567
2308573
2308589
2308597
2308609
2308637
2308673
2308679
2308681
2308693
2308699
2308721
2308723
2308727
2308741
2308769
2308783
2308793
2308807
2308819
2308841
2308843
2308853
2308871
2308883
2308897
2308903
2308907
2308913
2308919
2308931
2308939
2308963
2308967
2309003
2309011
2309023
2309029
2309077
2309081
2309113
2309117
2309123
2309129
2309147
2309179
2309227
2309231
2309233
2309239
2309257
2309261
2309267
2309287
2309303
2309323
2309327
2309339
2309341
2309347
2309353
2309371
2309389
2309413
2309441
2309449
2309471
2309477
2309491
2309497
2309513
2309519
2309537
2309543
2309551
2309609
2309633
2309663
2309669
2309677
2309689
2309693
2309707
2309711
2309737
2309743
2309753
2309759
2309761
2309771
2309789
2309803
2309837
2309863
2309869
2309891
2309893
2309897
2309911
2309921
2309927
2309933
2309969
2309999
2310019
2310029
2310043
2310067
2310083
2310107
2310137
2310157
2310167
2310193
2310211
2310221
2310223
2310233
2310241
2310277
2310289
2310293
2310311
2310331
2310349
2310359
2310367
2310389
2310421
2310431
2310439
2310449
2310463
2310479
2310481
2310491
2310493
2310509
2310541
2310547
2310551
2310559
2310563
2310593
2310643
2310667
2310677
2310689
2310697
2310701
2310703
2310713
2310731
2310733
2310739
2310743
2310751
2310757
2310767
2310769
2310773
2310797
2310823
2310857
2310871
2310877
2310887
2310899
2310901
2310907
2310911
2310953
2310977
2310991
2311009
2311013
2311021
2311051
2311061
2311079
2311117
2311123
2311147
2311151
2311159
2311163
2311181
2311187
2311193
2311223
2311237
2311249
2311289
2311321
2311333
2311343
2311349
2311363
2311381
2311409
2311411
2311417
2311451
2311469
2311471
2311487
2311493
2311499
2311513
2311531
2311537
2311549
2311553
2311571
2311583
2311591
2311613
2311651
2311657
2311667
2311669
2311681
2311697
2311721
2311739
2311741
2311747
2311769
2311811
2311817
2311819
2311823
2311843
2311849
2311853
2311861
2311873
2311879
2311889
2311921
2311931
2311957
2311993
2312021
2312027
2312069
2312099
2312137
2312147
2312159
2312173
2312179
2312201
2312203
2312209
2312249
2312267
2312293
2312311
2312341
2312347
2312363
2312369
2312381
2312407
2312413
2312419
2312477
2312521
2312539
2312573
2312603
2312617
2312621
2312633
2312641
2312677
2312689
2312701
2312707
2312711
2312747
2312749
2312753
2312789
2312801
2312809
2312861
2312873
2312881
2312897
2312899
2312909
2312923
2312929
2312939
2312951
2312963
2312983
2312987
2313007
2313053
2313061
2313083
2313107
2313137
2313161
2313163
2313187
2313197
2313211
2313239
2313247
2313253
2313323
2313347
2313349
2313373
2313379
2313391
2313401
2313403
2313407
2313413
2313419
2313427
2313431
2313433
2313439
2313461
2313469
2313511
2313539
2313541
2313557
2313569
2313599
2313601
2313613
2313617
2313629
2313631
2313643
2313653
2313659
2313667
2313679
2313767
2313769
2313797
2313799
2313827
2313833
2313847
2313851
2313889
2313907
2313929
2313931
2313947
2313967
2313973
2313977
2314003
2314019
2314043
2314051
2314061
2314063
2314073
2314079
2314087
2314093
2314097
2314121
2314133
2314141
2314153
2314177
2314187
2314199
2314231
2314241
2314253
2314259
2314271
2314297
2314309
2314339
2314349
2314369
2314373
2314379
2314391
2314439
2314547
2314583
2314589
2314591
2314603
2314619
2314633
2314643
2314667
2314673
2314691
2314699
2314709
2314717
2314721
2314723
2314727
2314759
2314769
2314777
2314811
2314817
2314841
2314843
2314849
2314859
2314877
2314883
2314909
2314931
2314933
2314943
2314951
2314957
2314969
2314997
2314999
2315003
2315023
2315029
2315039
2315057
2315059
2315063
2315069
2315081
2315107
2315113
2315123
2315129
2315141
2315149
2315161
2315167
2315177
2315227
2315231
2315233
2315237
2315263
2315317
2315329
2315347
2315363
2315371
2315399
2315407
2315413
2315461
2315471
2315477
2315491
2315503
2315539
2315567
2315581
2315597
2315611
2315629
2315641
2315647
2315657
2315659
2315683
2315693
2315699
2315707
2315759
2315771
2315773
2315839
2315843
2315849
2315857
2315861
2315881
2315897
2315903
2315947
2315953
2315959
2315981
2315983
2315993
2316011
2316037
2316059
2316073
2316079
2316101
2316107
2316121
2316133
2316151
2316173
2316179
2316203
2316239
2316247
2316287
2316299
2316323
2316329
2316331
2316337
2316343
2316361
2316371
2316373
2316383
2316407
2316421
2316449
2316451
2316463
2316469
2316481
2316487
2316493
2316497
2316511
2316521
2316529
2316553
2316557
2316571
2316593
2316617
2316631
2316653
2316667
2316679
2316697
2316707
2316737
2316757
2316761
2316773
2316817
2316823
2316863
2316877
2316893
2316911
2316961
2316967
2316973
2317009
2317037
2317057
2317067
2317079
2317087
2317097
2317109
2317121
2317123
2317127
2317153
2317169
2317171
2317223
2317229
2317267
2317283
2317327
2317339
2317349
2317363
2317387
2317391
2317433
2317439
2317453
2317493
2317499
2317501
2317507
2317519
2317541
2317561
2317577
2317589
2317619
2317631
2317669
2317691
2317723
2317741
2317747
2317751
2317759
2317769
2317787
2317789
2317801
2317807
2317811
2317813
2317841
2317873
2317879
2317891
2317907
2317919
2317921
2317927
2317951
2317957
2317979
2318003
2318021
2318033
2318039
2318047
2318059
2318077
2318089
2318093
2318111
2318119
2318153
2318159
2318189
2318191
2318237
2318249
2318279
2318293
2318297
2318311
2318317
2318333
2318353
2318357
2318387
2318389
2318411
2318417
2318453
2318467
2318471
2318483
2318489
2318501
2318507
2318527
2318543
2318567
2318573
2318581
2318593
2318597
2318599
2318609
2318611
2318623
2318663
2318677
2318711
2318731
2318737
2318747
2318761
2318773
2318777
2318801
2318807
2318809
2318819
2318821
2318843
2318863
2318867
2318879
2318891
2318917
2318923
2318951
2318957
2318959
2319013
2319019
2319029
2319041
2319059
2319077
2319091
2319133
2319151
2319169
2319179
2319181
2319221
2319241
2319253
2319257
2319277
2319287
2319299
2319319
2319323
2319337
2319341
2319353
2319371
2319379
2319407
2319409
2319413
2319431
2319433
2319437
2319461
2319469
2319479
2319487
2319503
2319509
2319517
2319521
2319533
2319553
2319593
2319613
2319631
2319649
2319659
2319679
2319689
2319697
2319727
2319731
2319763
2319787
2319791
2319809
2319817
2319829
2319841
2319853
2319883
2319887
2319901
2319907
2319917
2319929
2319943
2319953
2319959
2319997
2320001
2320039
2320051
2320063
2320091
2320111
2320127
2320139
2320169
2320183
2320193
2320207
2320243
2320247
2320259
2320291
2320301
2320321
2320361
2320363
2320387
2320391
2320397
2320399
2320421
2320427
2320471
2320481
2320511
2320519
2320543
2320547
2320553
2320579
2320583
2320627
2320639
2320649
2320651
2320657
2320673
2320697
2320699
2320709
2320729
2320739
2320741
2320807
2320811
2320837
2320847
2320859
2320873
2320897
2320909
2320933
2320943
2320961
2320979
2320987
2320991
2321003
2321009
2321017
2321023
2321041
2321057
2321087
2321089
2321101
2321117
2321147
2321149
2321153
2321159
2321167
2321171
2321213
2321219
2321239
2321243
2321273
2321281
2321309
2321317
2321329
2321339
2321353
2321357
2321369
2321381
2321383
2321393
2321399
2321443
2321507
2321509
2321519
2321531
2321563
2321587
2321603
2321623
2321647
2321677
2321701
2321747
2321749
2321773
2321783
2321791
2321821
2321863
2321881
2321887
2321899
2321909
2321923
2321947
2321959
2321981
2321989
2321999
2322031
2322041
2322071
2322077
2322079
2322101
2322107
2322109
2322113
2322119
2322121
2322127
2322137
2322143
2322163
2322169
2322193
2322211
2322227
2322239
2322247
2322253
2322259
2322269
2322283
2322337
2322347
2322361
2322367
2322373
2322377
2322401
2322403
2322409
2322431
2322443
2322457
2322479
2322487
2322491
2322493
2322497
2322569
2322571
2322577
2322583
2322629
2322631
2322637
2322647
2322667
2322673
2322707
2322713
2322757
2322763
2322767
2322779
2322791
2322797
2322821
2322851
2322857
2322869
2322911
2322917
2322949
2322953
2322961
2322967
2322973
2323001
2323003
2323021
2323031
2323037
2323039
2323081
2323099
2323121
2323127
2323151
2323157
2323177
2323201
2323213
2323229
2323231
2323259
2323261
2323273
2323297
2323309
2323313
2323331
2323337
2323367
2323369
2323379
2323381
2323397
2323403
2323411
2323421
2323423
2323427
2323439
2323457
2323459
2323463
2323549
2323561
2323571
2323583
2323609
2323613
2323631
2323669
2323691
2323693
2323697
2323703
2323721
2323733
2323777
2323787
2323793
2323801
2323813
2323817
2323819
2323823
2323831
2323837
2323847
2323873
2323877
2323889
2323907
2323939
2323949
2323969
2323987
2323999
2324017
2324033
2324093
2324117
2324123
2324129
2324143
2324149
2324159
2324171
2324177
2324183
2324191
2324233
2324237
2324261
2324269
2324281
2324317
2324351
2324353
2324381
2324419
2324447
2324453
2324459
2324467
2324471
2324501
2324503
2324507
2324513
2324521
2324533
2324551
2324557
2324617
2324629
2324639
2324653
2324681
2324683
2324701
2324711
2324731
2324743
2324779
2324809
2324851
2324867
2324873
2324879
2324899
2324929
2324941
2324953
2324957
2324981
2324999
2325007
2325023
2325061
2325067
2325077
2325083
2325097
2325143
2325149
2325173
2325181
2325199
2325203
2325227
2325241
2325251
2325263
2325289
2325299
2325317
2325319
2325343
2325361
2325377
2325437
2325439
2325469
2325493
2325509
2325511
2325517
2325529
2325559
2325563
2325571
2325613
2325623
2325629
2325647
2325671
2325677
2325689
2325703
2325749
2325761
2325767
2325773
2325779
2325793
2325797
2325803
2325811
2325823
2325833
2325871
2325881
2325901
2325907
2325919
2325943
2326007
2326019
2326021
2326033
2326057
2326063
2326067
2326081
2326087
2326091
2326097
2326099
2326109
2326133
2326141
2326183
2326199
2326211
2326213
2326249
2326267
2326277
2326279
2326283
2326309
2326319
2326327
2326349
2326361
2326367
2326369
2326403
2326421
2326439
2326447
2326451
2326459
2326469
2326481
2326483
2326487
2326507
2326517
2326553
2326567
2326579
2326613
2326633
2326661
2326663
2326669
2326673
2326693
2326717
2326733
2326747
2326763
2326769
2326771
2326781
2326789
2326799
2326813
2326847
2326853
2326871
2326889
2326903
2326913
2326921
2326927
2326937
2326957
2326963
2326991
2326993
2327027
2327029
2327033
2327051
2327053
2327057
2327069
2327081
2327099
2327107
2327123
2327131
2327153
2327173
2327183
2327191
2327197
2327207
2327233
2327239
2327243
2327251
2327257
2327293
2327323
2327341
2327359
2327371
2327383
2327399
2327401
2327407
2327417
2327441
2327467
2327473
2327483
2327497
2327509
2327527
2327539
2327551
2327579
2327597
2327599
2327603
2327629
2327639
2327641
2327651
2327653
2327681
2327683
2327701
2327711
2327713
2327723
2327729
2327737
2327749
2327753
2327771
2327777
2327789
2327797
2327849
2327851
2327867
2327869
2327879
2327887
2327909
2327911
2327921
2327933
2327951
2327953
2327959
2327987
2327989
2327993
2328047
2328071
2328107
2328113
2328119
2328143
2328169
2328173
2328181
2328211
2328217
2328229
2328251
2328259
2328281
2328283
2328289
2328307
2328311
2328331
2328341
2328377
2328397
2328401
2328409
2328413
2328421
2328463
2328479
2328509
2328517
2328523
2328533
2328539
2328559
2328563
2328569
2328617
2328619
2328631
2328637
2328649
2328653
2328691
2328707
2328713
2328761
2328763
2328769
2328791
2328827
2328829
2328839
2328857
2328869
2328883
2328889
2328899
2328913
2328941
2328947
2328967
2328971
2328973
2329027
2329031
2329037
2329073
2329081
2329091
2329097
2329133
2329147
2329189
2329207
2329213
2329231
2329241
2329259
2329277
2329291
2329303
2329319
2329331
2329337
2329339
2329387
2329399
2329469
2329471
2329487
2329499
2329507
2329513
2329517
2329519
2329549
2329553
2329559
2329567
2329577
2329583
2329597
2329603
2329637
2329667
2329669
2329687
2329699
2329709
2329729
2329751
2329763
2329777
2329801
2329807
2329813
2329819
2329849
2329871
2329879
2329883
2329891
2329937
2329949
2329961
2329967
2329979
2329997
2330021
2330047
2330051
2330099
2330101
2330117
2330123
2330143
2330147
2330161
2330191
2330197
2330201
2330203
2330221
2330227
2330249
2330281
2330303
2330387
2330389
2330413
2330423
2330431
2330459
2330473
2330491
2330501
2330539
2330543
2330551
2330561
2330591
2330617
2330633
2330641
2330663
2330681
2330687
2330689
2330719
2330753
2330761
2330771
2330789
2330827
2330833
2330837
2330849
2330869
2330873
2330879
2330893
2330899
2330903
2330927
2330929
2330941
2330947
2330953
2330957
2330959
2331041
2331047
2331061
2331089
2331097
2331103
2331113
2331127
2331139
2331151
2331163
2331187
2331191
2331253
2331271
2331283
2331299
2331323
2331337
2331353
2331361
2331367
2331377
2331379
2331391
2331409
2331419
2331421
2331443
2331451
2331463
2331557
2331577
2331583
2331587
2331599
2331613
2331647
2331649
2331653
2331677
2331689
2331691
2331697
2331733
2331743
2331751
2331767
2331779
2331781
2331829
2331859
2331869
2331871
2331887
2331899
2331929
2331937
2331949
2331997
2332013
2332027
2332049
2332061
2332103
2332123
2332129
2332139
2332153
2332181
2332219
2332237
2332241
2332249
2332259
2332289
2332303
2332313
2332321
2332327
2332333
2332339
2332373
2332381
2332387
2332391
2332397
2332399
2332403
2332427
2332439
2332483
2332487
2332501
2332507
2332511
2332513
2332523
2332529
2332537
2332541
2332567
2332597
2332607
2332643
2332651
2332661
2332663
2332667
2332679
2332691
2332697
2332703
2332711
2332721
2332783
2332787
2332817
2332829
2332831
2332849
2332871
2332903
2332931
2332933
2332937
2332951
2332969
2332987
2332997
2333017
2333041
2333059
2333069
2333081
2333083
2333087
2333099
2333119
2333129
2333147
2333161
2333167
2333173
2333179
2333197
2333203
2333207
2333231
2333237
2333239
2333293
2333297
2333321
2333323
2333329
2333347
2333377
2333381
2333389
2333399
2333407
2333459
2333467
2333473
2333477
2333483
2333497
2333501
2333531
2333533
2333549
2333579
2333593
2333609
2333621
2333647
2333651
2333657
2333663
2333689
2333693
2333707
2333719
2333731
2333759
2333767
2333783
2333791
2333797
2333801
2333809
2333813
2333819
2333839
2333857
2333867
2333869
2333873
2333887
2333893
2333909
2333927
2333939
2333951
2333953
2333957
2333993
2333999
2334001
2334019
2334023
2334037
2334047
2334061
2334077
2334091
2334097
2334107
2334127
2334139
2334179
2334187
2334223
2334229
2334251
2334257
2334259
2334263
2334281
2334301
2334307
2334317
2334329
2334337
2334361
2334373
2334377
2334391
2334401
2334403
2334407
2334421
2334439
2334463
2334503
2334509
2334539
2334547
2334557
2334583
2334623
2334643
2334679
2334691
2334743
2334751
2334767
2334769
2334779
2334781
2334793
2334803
2334823
2334841
2334863
2334881
2334901
2334911
2334923
2334947
2334949
2334953
2334961
2334989
2335009
2335037
2335057
2335063
2335079
2335097
2335111
2335117
2335133
2335139
2335147
2335153
2335183
2335187
2335211
2335217
2335219
2335231
2335241
2335243
2335247
2335253
2335297
2335303
2335321
2335363
2335367
2335369
2335381
2335393
2335427
2335433
2335441
2335481
2335519
2335523
2335547
2335549
2335561
2335577
2335591
2335601
2335607
2335637
2335639
2335649
2335661
2335667
2335679
2335691
2335693
2335709
2335721
2335733
2335769
2335789
2335807
2335813
2335843
2335849
2335871
2335877
2335891
2335909
2335913
2335933
2335967
2335969
2335997
2336011
2336017
2336023
2336027
2336039
2336053
2336063
2336093
2336101
2336111
2336119
2336137
2336149
2336177
2336189
2336207
2336209
2336227
2336251
2336263
2336281
2336287
2336309
2336311
2336333
2336353
2336359
2336381
2336393
2336407
2336413
2336431
2336437
2336441
2336447
2336461
2336471
2336473
2336479
2336489
2336519
2336527
2336557
2336561
2336569
2336573
2336597
2336623
2336629
2336671
2336707
2336743
2336771
2336783
2336801
2336821
2336839
2336843
2336861
2336863
2336881
2336897
2336903
2336911
2336923
2336933
2336947
2336969
2336989
2336993
2337001
2337029
2337043
2337047
2337067
2337073
2337079
2337089
2337091
2337119
2337149
2337151
2337157
2337163
2337187
2337193
2337217
2337221
2337227
2337233
2337271
2337299
2337311
2337317
2337319
2337343
2337359
2337367
2337389
2337397
2337463
2337479
2337481
2337497
2337509
2337527
2337539
2337541
2337547
2337553
2337571
2337593
2337607
2337613
2337637
2337641
2337667
2337677
2337683
2337691
2337701
2337737
2337761
2337773
2337793
2337821
2337851
2337859
2337869
2337871
2337889
2337899
2337901
2337911
2337913
2337949
2337967
2337983
2338003
2338043
2338079
2338081
2338093
2338097
2338103
2338123
2338151
2338153
2338169
2338181
2338207
2338213
2338247
2338261
2338267
2338283
2338291
2338331
2338351
2338381
2338403
2338411
2338421
2338471
2338477
2338489
2338493
2338507
2338541
2338543
2338549
2338559
2338603
2338607
2338619
2338627
2338631
2338643
2338657
2338667
2338697
2338703
2338717
2338723
2338747
2338751
2338757
2338783
2338799
2338823
2338849
2338867
2338871
2338873
2338883
2338901
2338933
2338949
2338951
2338969
2338997
2339011
2339021
2339039
2339041
2339089
2339101
2339107
2339119
2339131
2339137
2339179
2339191
2339221
2339257
2339263
2339287
2339297
2339303
2339317
2339321
2339327
2339333
2339369
2339371
2339417
2339423
2339429
2339461
2339507
2339551
2339563
2339569
2339581
2339609
2339611
2339627
2339639
2339651
2339657
2339669
2339671
2339677
2339681
2339683
2339713
2339719
2339731
2339741
2339773
2339783
2339797
2339803
2339809
2339833
2339861
2339879
2339893
2339921
2339927
2339929
2339933
2339963
2339969
2339977
2340001
2340007
2340011
2340029
2340061
2340071
2340119
2340133
2340167
2340179
2340187
2340193
2340209
2340223
2340241
2340251
2340253
2340257
2340259
2340269
2340277
2340313
2340337
2340341
2340347
2340367
2340383
2340397
2340419
2340421
2340431
2340451
2340461
2340479
2340487
2340491
2340493
2340521
2340551
2340563
2340581
2340587
2340607
2340617
2340659
2340661
2340673
2340697
2340703
2340719
2340721
2340727
2340739
2340757
2340763
2340769
2340773
2340787
2340797
2340803
2340823
2340827
2340847
2340859
2340869
2340887
2340893
2340911
2340931
2340937
2340959
2340973
2340979
2340983
2341033
2341057
2341069
2341091
2341103
2341111
2341127
2341133
2341159
2341201
2341217
2341219
2341243
2341271
2341301
2341303
2341309
2341327
2341333
2341343
2341349
2341369
2341379
2341403
2341411
2341421
2341433
2341447
2341453
2341457
2341459
2341463
2341477
2341511
2341531
2341567
2341571
2341589
2341601
2341609
2341613
2341637
2341643
2341673
2341687
2341697
2341727
2341747
2341751
2341763
2341777
2341817
2341819
2341847
2341853
2341861
2341873
2341877
2341897
2341907
2341919
2341939
2341943
2341967
2341979
2341981
2341987
2341991
2341993
2342003
2342027
2342029
2342033
2342047
2342051
2342071
2342099
2342101
2342129
2342173
2342189
2342191
2342201
2342203
2342227
2342231
2342237
2342239
2342257
2342269
2342287
2342293
2342309
2342357
2342363
2342381
2342393
2342399
2342401
2342407
2342419
2342423
2342437
2342443
2342479
2342513
2342537
2342539
2342609
2342611
2342623
2342633
2342657
2342663
2342671
2342677
2342687
2342723
2342731
2342741
2342771
2342773
2342777
2342779
2342783
2342797
2342807
2342819
2342839
2342869
2342933
2342953
2342959
2342969
2342981
2342983
2342993
2343001
2343013
2343017
2343031
2343037
2343049
2343053
2343083
2343139
2343157
2343163
2343169
2343179
2343203
2343223
2343233
2343239
2343241
2343269
2343283
2343293
2343307
2343311
2343329
2343343
2343349
2343359
2343361
2343389
2343409
2343413
2343449
2343487
2343521
2343527
2343529
2343533
2343541
2343547
2343553
2343571
2343589
2343611
2343613
2343619
2343641
2343643
2343661
2343667
2343743
2343763
2343767
2343779
2343787
2343791
2343793
2343799
2343833
2343857
2343881
2343883
2343889
2343899
2343917
2343949
2343967
2343989
2343997
2344019
2344033
2344037
2344051
2344073
2344117
2344123
2344141
2344151
2344159
2344187
2344193
2344241
2344253
2344259
2344261
2344267
2344271
2344297
2344301
2344319
2344327
2344333
2344337
2344361
2344379
2344387
2344409
2344417
2344427
2344439
2344457
2344469
2344471
2344519
2344523
2344553
2344571
2344603
2344607
2344627
2344631
2344649
2344651
2344673
2344697
2344703
2344709
2344711
2344717
2344723
2344751
2344753
2344777
2344787
2344789
2344819
2344889
2344921
2344939
2344943
2344967
2344973
2344981
2344987
2345009
2345017
2345033
2345039
2345041
2345047
2345053
2345087
2345117
2345129
2345131
2345141
2345153
2345179
2345209
2345219
2345249
2345257
2345261
2345279
2345297
2345327
2345339
2345351
2345377
2345383
2345401
2345443
2345459
2345461
2345477
2345479
2345501
2345509
2345533
2345537
2345543
2345573
2345593
2345599
2345617
2345641
2345657
2345659
2345669
2345699
2345713
2345729
2345731
2345743
2345753
2345803
2345807
2345809
2345831
2345843
2345867
2345869
2345887
2345891
2345909
2345921
2345923
2345953
2345957
2345963
2345969
2345971
2345989
2346089
2346107
2346137
2346167
2346191
2346203
2346217
2346241
2346259
2346269
2346271
2346277
2346313
2346343
2346347
2346349
2346397
2346413
2346431
2346473
2346521
2346523
2346551
2346559
2346581
2346587
2346611
2346623
2346653
2346677
2346719
2346727
2346733
2346739
2346769
2346779
2346781
2346791
2346803
2346821
2346829
2346847
2346857
2346859
2346863
2346887
2346913
2346931
2346959
2346973
2346977
2346997
2347001
2347031
2347043
2347049
2347063
2347067
2347129
2347141
2347151
2347153
2347171
2347183
2347201
2347217
2347229
2347237
2347249
2347253
2347271
2347273
2347277
2347283
2347297
2347313
2347337
2347339
2347361
2347369
2347379
2347409
2347421
2347427
2347439
2347441
2347447
2347451
2347453
2347487
2347493
2347511
2347523
2347549
2347559
2347561
2347567
2347573
2347577
2347591
2347627
2347663
2347693
2347703
2347711
2347721
2347727
2347733
2347759
2347777
2347781
2347789
2347823
2347831
2347837
2347841
2347859
2347871
2347883
2347903
2347907
2347931
2347949
2347957
2347981
2347991
2347997
2347999
2348011
2348053
2348081
2348083
2348089
2348119
2348123
2348161
2348179
2348189
2348197
2348207
2348221
2348233
2348237
2348239
2348251
2348257
2348293
2348299
2348303
2348321
2348347
2348371
2348383
2348429
2348441
2348447
2348459
2348471
2348473
2348477
2348491
2348497
2348539
2348569
2348573
2348579
2348581
2348597
2348627
2348693
2348701
2348707
2348713
2348729
2348741
2348743
2348747
2348779
2348791
2348807
2348809
2348813
2348833
2348851
2348861
2348891
2348897
2348903
2348909
2348911
2348947
2348959
2348987
2348999
2349001
2349023
2349031
2349041
2349071
2349079
2349091
2349097
2349101
2349143
2349161
2349163
2349181
2349209
2349233
2349251
2349253
2349271
2349301
2349307
2349313
2349317
2349323
2349329
2349337
2349343
2349353
2349367
2349371
2349419
2349433
2349497
2349499
2349541
2349547
2349569
2349637
2349643
2349653
2349679
2349701
2349709
2349719
2349727
2349731
2349773
2349779
2349799
2349803
2349811
2349829
2349869
2349871
2349889
2349913
2349917
2349937
2349947
2349959
2349973
2350001
2350021
2350031
2350043
2350057
2350067
2350069
2350081
2350093
2350099
2350111
2350123
2350157
2350181
2350193
2350207
2350211
2350217
2350219
2350237
2350241
2350259
2350279
2350289
2350291
2350303
2350307
2350321
2350331
2350333
2350339
2350349
2350379
2350399
2350409
2350429
2350441
2350457
2350463
2350483
2350507
2350529
2350541
2350549
2350559
2350567
2350583
2350589
2350591
2350609
2350613
2350631
2350633
2350657
2350679
2350687
2350697
2350703
2350717
2350723
2350741
2350753
2350763
2350771
2350781
2350793
2350837
2350841
2350847
2350861
2350867
2350877
2350883
2350891
2350903
2350951
2350969
2350979
2350993
2351029
2351033
2351047
2351053
2351099
2351101
2351137
2351147
2351149
2351159
2351171
2351201
2351207
2351263
2351281
2351303
2351317
2351339
2351347
2351351
2351353
2351357
2351441
2351477
2351501
2351507
2351509
2351513
2351519
2351533
2351579
2351597
2351599
2351603
2351617
2351641
2351653
2351693
2351731
2351743
2351747
2351749
2351759
2351761
2351771
2351779
2351803
2351821
2351827
2351837
2351857
2351863
2351891
2351897
2351903
2351941
2351963
2351969
2351989
2352011
2352023
2352037
2352041
2352043
2352061
2352073
2352079
2352083
2352101
2352107
2352113
2352131
2352139
2352149
2352151
2352157
2352173
2352191
2352199
2352223
2352227
2352241
2352247
2352269
2352289
2352323
2352353
2352403
2352433
2352473
2352479
2352481
2352521
2352533
2352557
2352563
2352569
2352577
2352583
2352589
2352611
2352619
2352631
2352641
2352643
2352653
2352661
2352671
2352673
2352677
2352689
2352761
2352767
2352781
2352787
2352797
2352803
2352811
2352841
2352881
2352887
2352899
2352901
2352913
2352937
2352947
2352971
2352989
2353027
2353049
2353051
2353063
2353069
2353073
2353103
2353121
2353129
2353159
2353177
2353187
2353193
2353217
2353223
2353279
2353297
2353343
2353369
2353387
2353391
2353399
2353411
2353423
2353453
2353457
2353487
2353499
2353501
2353517
2353529
2353577
2353591
2353597
2353601
2353609
2353621
2353639
2353649
2353651
2353657
2353661
2353697
2353699
2353709
2353717
2353723
2353759
2353781
2353787
2353801
2353817
2353823
2353831
2353849
2353867
2353873
2353877
2353913
2353919
2353927
2353931
2353943
2353951
2353957
2353979
2353987
2353991
2353993
2354039
2354059
2354063
2354069
2354083
2354087
2354111
2354123
2354137
2354141
2354153
2354161
2354167
2354189
2354197
2354203
2354213
2354227
2354239
2354251
2354263
2354281
2354299
2354311
2354351
2354353
2354413
2354459
2354467
2354479
2354489
2354491
2354497
2354501
2354503
2354531
2354563
2354587
2354591
2354593
2354609
2354621
2354623
2354633
2354641
2354663
2354701
2354711
2354731
2354743
2354773
2354797
2354801
2354813
2354819
2354831
2354837
2354873
2354897
2354899
2354923
2354927
2354941
2354951
2354953
2354969
2355011
2355019
2355037
2355043
2355047
2355079
2355083
2355097
2355109
2355113
2355121
2355137
2355139
2355151
2355169
2355173
2355181
2355191
2355209
2355211
2355229
2355233
2355247
2355253
2355263
2355277
2355289
2355307
2355317
2355329
2355337
2355347
2355359
2355377
2355389
2355403
2355433
2355439
2355443
2355481
2355517
2355527
2355533
2355539
2355557
2355559
2355581
2355629
2355671
2355697
2355719
2355733
2355739
2355761
2355763
2355799
2355853
2355883
2355889
2355917
2355949
2355971
2355973
2356001
2356021
2356043
2356069
2356073
2356091
2356103
2356127
2356129
2356139
2356141
2356153
2356169
2356187
2356199
2356213
2356219
2356259
2356267
2356303
2356307
2356313
2356339
2356349
2356351
2356363
2356379
2356381
2356391
2356397
2356411
2356423
2356427
2356429
2356451
2356463
2356469
2356531
2356547
2356553
2356573
2356583
2356597
2356609
2356621
2356643
2356661
2356663
2356681
2356687
2356691
2356699
2356763
2356771
2356793
2356799
2356813
2356831
2356843
2356867
2356883
2356891
2356901
2356903
2356919
2356927
2356933
2356943
2356973
2356997
2357009
2357027
2357029
2357039
2357057
2357059
2357071
2357077
2357099
2357119
2357153
2357167
2357183
2357189
2357219
2357231
2357249
2357263
2357279
2357287
2357297
2357321
2357347
2357351
2357353
2357357
2357363
2357371
2357417
2357419
2357423
2357437
2357483
2357507
2357527
2357533
2357549
2357573
2357587
2357591
2357617
2357629
2357639
2357657
2357683
2357689
2357701
2357717
2357731
2357737
2357741
2357743
2357749
2357791
2357801
2357807
2357809
2357813
2357821
2357837
2357851
2357863
2357867
2357879
2357909
2357921
2357923
2357933
2357939
2357941
2357963
2357969
2357977
2358007
2358011
2358017
2358043
2358049
2358073
2358091
2358127
2358133
2358137
2358143
2358151
2358157
2358179
2358203
2358221
2358227
2358241
2358247
2358283
2358311
2358329
2358331
2358353
2358371
2358373
2358379
2358401
2358403
2358409
2358431
2358439
2358463
2358487
2358497
2358539
2358547
2358571
2358583
2358617
2358623
2358637
2358661
2358677
2358701
2358721
2358737
2358739
2358743
2358751
2358779
2358781
2358799
2358823
2358827
2358841
2358859
2358877
2358887
2358893
2358899
2358901
2358911
2358913
2358919
2358953
2358991
2359001
2359013
2359031
2359033
2359043
2359051
2359061
2359067
2359079
2359103
2359111
2359129
2359139
2359151
2359163
2359171
2359183
2359187
2359207
2359213
2359219
2359223
2359229
2359241
2359261
2359267
2359303
2359307
2359319
2359333
2359339
2359349
2359369
2359381
2359391
2359393
2359397
2359403
2359429
2359451
2359459
2359463
2359471
2359499
2359519
2359537
2359559
2359561
2359603
2359619
2359633
2359649
2359661
2359681
2359717
2359723
2359739
2359769
2359783
2359789
2359793
2359801
2359829
2359831
2359843
2359849
2359873
2359891
2359901
2359921
2359927
2359949
2359963
2359993
2359997
2360003
2360021
2360023
2360027
2360069
2360087
2360089
2360101
2360117
2360131
2360147
2360167
2360173
2360201
2360203
2360207
2360219
2360243
2360279
2360291
2360311
2360321
2360353
2360357
2360363
2360377
2360381
2360417
2360419
2360443
2360459
2360483
2360497
2360509
2360521
2360539
2360543
2360551
2360591
2360593
2360597
2360609
2360621
2360653
2360707
2360713
2360719
2360723
2360749
2360753
2360759
2360797
2360833
2360843
2360849
2360851
2360873
2360887
2360899
2360957
2360971
2360983
2360987
2360999
2361017
2361031
2361041
2361043
2361071
2361089
2361091
2361103
2361109
2361119
2361133
2361167
2361179
2361199
2361211
2361221
2361241
2361253
2361257
2361269
2361323
2361343
2361349
2361353
2361367
2361379
2361397
2361407
2361413
2361427
2361461
2361467
2361473
2361497
2361503
2361509
2361539
2361563
2361577
2361581
2361607
2361629
2361631
2361637
2361649
2361701
2361713
2361721
2361727
2361773
2361781
2361803
2361809
2361823
2361851
2361883
2361899
2361911
2361913
2361917
2361937
2361941
2361943
2361959
2361977
2361991
2362001
2362007
2362013
2362049
2362057
2362067
2362091
2362109
2362111
2362141
2362147
2362153
2362159
2362163
2362181
2362187
2362193
2362229
2362247
2362249
2362271
2362273
2362277
2362279
2362309
2362319
2362331
2362343
2362351
2362363
2362411
2362421
2362433
2362457
2362483
2362489
2362501
2362559
2362571
2362573
2362589
2362637
2362639
2362649
2362651
2362673
2362681
2362691
2362699
2362729
2362733
2362747
2362751
2362753
2362757
2362769
2362771
2362777
2362781
2362799
2362817
2362819
2362873
2362879
2362901
2362909
2362939
2362961
2362963
2362967
2362981
2363021
2363027
2363029
2363033
2363041
2363047
2363059
2363063
2363069
2363077
2363107
2363149
2363159
2363167
2363171
2363177
2363189
2363191
2363197
2363203
2363209
2363213
2363219
2363233
2363261
2363267
2363293
2363303
2363311
2363327
2363359
2363393
2363399
2363401
2363423
2363441
2363453
2363461
2363497
2363507
2363513
2363531
2363539
2363563
2363617
2363623
2363639
2363651
2363653
2363681
2363707
2363741
2363743
2363749
2363783
2363789
2363797
2363807
2363831
2363857
2363861
2363873
2363891
2363903
2363909
2363927
2363939
2363941
2363947
2363957
2363971
2363981
2363983
2364001
2364013
2364017
2364049
2364067
2364077
2364079
2364119
2364121
2364127
2364133
2364149
2364161
2364163
2364179
2364191
2364199
2364203
2364211
2364221
2364223
2364247
2364281
2364287
2364289
2364293
2364301
2364317
2364353
2364361
2364367
2364407
2364409
2364413
2364433
2364437
2364449
2364487
2364491
2364499
2364517
2364521
2364563
2364589
2364599
2364601
2364611
2364619
2364623
2364629
2364643
2364647
2364667
2364673
2364679
2364709
2364727
2364743
2364767
2364793
2364799
2364809
2364833
2364841
2364847
2364851
2364877
2364881
2364889
2364907
2364917
2364937
2364941
2364953
2364991
2365001
2365007
2365009
2365049
2365061
2365073
2365079
2365093
2365109
2365169
2365201
2365213
2365217
2365241
2365243
2365267
2365271
2365277
2365283
2365289
2365309
2365313
2365351
2365357
2365381
2365399
2365411
2365421
2365423
2365427
2365439
2365457
2365459
2365469
2365471
2365511
2365523
2365537
2365541
2365547
2365553
2365589
2365591
2365603
2365607
2365613
2365621
2365631
2365637
2365639
2365667
2365681
2365721
2365751
2365787
2365789
2365829
2365859
2365879
2365901
2365921
2365963
2365969
2365981
2365997
2365999
2366011
2366017
2366029
2366053
2366057
2366059
2366071
2366083
2366087
2366099
2366123
2366131
2366141
2366173
2366183
2366191
2366207
2366209
2366227
2366237
2366267
2366297
2366303
2366311
2366347
2366369
2366387
2366389
2366407
2366423
2366443
2366453
2366459
2366473
2366477
2366489
2366491
2366513
2366521
2366527
2366537
2366543
2366627
2366629
2366647
2366653
2366657
2366669
2366671
2366687
2366701
2366711
2366731
2366743
2366747
2366789
2366797
2366801
2366809
2366827
2366831
2366843
2366851
2366867
2366933
2366939
2366957
2366989
2366993
2367007
2367019
2367037
2367049
2367059
2367073
2367083
2367119
2367121
2367143
2367151
2367179
2367187
2367203
2367221
2367251
2367259
2367269
2367289
2367293
2367329
2367331
2367341
2367347
2367361
2367389
2367397
2367401
2367427
2367433
2367467
2367481
2367487
2367509
2367511
2367523
2367553
2367557
2367569
2367583
2367601
2367619
2367649
2367653
2367671
2367679
2367691
2367707
2367721
2367731
2367767
2367793
2367797
2367809
2367817
2367823
2367829
2367857
2367863
2367877
2367899
2367923
2367929
2367931
2367949
2367971
2367973
2367977
2367983
2368013
2368033
2368039
2368043
2368097
2368109
2368127
2368129
2368153
2368159
2368181
2368187
2368211
2368213
2368229
2368237
2368271
2368273
2368297
2368309
2368313
2368337
2368357
2368361
2368381
2368391
2368393
2368403
2368409
2368417
2368433
2368439
2368441
2368451
2368463
2368469
2368477
2368501
2368511
2368523
2368537
2368567
2368577
2368579
2368589
2368601
2368603
2368637
2368649
2368727
2368733
2368757
2368759
2368771
2368783
2368799
2368801
2368829
2368843
2368853
2368859
2368871
2368907
2368937
2368957
2368963
2368979
2368991
2368997
2369033
2369063
2369071
2369077
2369093
2369099
2369117
2369123
2369149
2369173
2369183
2369197
2369201
2369203
2369209
2369219
2369231
2369233
2369251
2369261
2369291
2369303
2369347
2369351
2369363
2369371
2369383
2369413
2369441
2369449
2369453
2369459
2369467
2369473
2369489
2369519
2369527
2369537
2369539
2369557
2369569
2369593
2369597
2369603
2369611
2369639
2369641
2369651
2369707
2369711
2369747
2369761
2369779
2369791
2369819
2369827
2369831
2369837
2369839
2369849
2369863
2369867
2369903
2369929
2369951
2369957
2369977
2369993
2369999
2370007
2370019
2370023
2370037
2370047
2370061
2370073
2370103
2370113
2370149
2370197
2370217
2370223
2370239
2370241
2370253
2370281
2370287
2370299
2370301
2370317
2370323
2370343
2370359
2370377
2370391
2370409
2370427
2370451
2370457
2370469
2370481
2370499
2370503
2370517
2370523
2370551
2370559
2370569
2370581
2370593
2370607
2370623
2370629
2370631
2370647
2370659
2370671
2370673
2370677
2370689
2370703
2370733
2370737
2370811
2370829
2370833
2370847
2370881
2370889
2370917
2370937
2370941
2370943
2370947
2370983
2371003
2371021
2371073
2371087
2371091
2371099
2371111
2371123
2371129
2371133
2371141
2371147
2371157
2371183
2371189
2371207
2371223
2371247
2371261
2371267
2371297
2371307
2371309
2371337
2371351
2371361
2371423
2371427
2371459
2371489
2371511
2371543
2371609
2371627
2371631
2371639
2371651
2371661
2371669
2371673
2371679
2371693
2371703
2371709
2371711
2371729
2371739
2371763
2371771
2371801
2371819
2371847
2371849
2371861
2371871
2371877
2371879
2371883
2371927
2371937
2371961
2371969
2371991
2372011
2372023
2372053
2372081
2372087
2372099
2372101
2372119
2372179
2372191
2372221
2372239
2372257
2372303
2372309
2372317
2372327
2372347
2372369
2372371
2372393
2372413
2372417
2372423
2372431
2372437
2372441
2372443
2372453
2372459
2372467
2372479
2372501
2372507
2372509
2372521
2372543
2372561
2372563
2372581
2372597
2372599
2372633
2372641
2372659
2372681
2372683
2372687
2372731
2372737
2372743
2372753
2372759
2372761
2372779
2372789
2372807
2372819
2372837
2372857
2372861
2372873
2372879
2372893
2372897
2372927
2372941
2372947
2372959
2372963
2372971
2372987
2372989
2372999
2373001
2373029
2373037
2373061
2373067
2373079
2373089
2373097
2373103
2373109
2373131
2373139
2373167
2373169
2373179
2373187
2373193
2373211
2373221
2373227
2373229
2373247
2373253
2373263
2373269
2373277
2373281
2373307
2373311
2373323
2373337
2373373
2373383
2373401
2373403
2373407
2373409
2373431
2373463
2373487
2373529
2373533
2373583
2373611
2373649
2373667
2373691
2373697
2373731
2373751
2373773
2373821
2373823
2373869
2373893
2373907
2373913
2373919
2373929
2373947
2373953
2373967
2373971
2373979
2373989
2374007
2374051
2374061
2374063
2374081
2374109
2374117
2374121
2374133
2374147
2374153
2374157
2374189
2374199
2374213
2374261
2374277
2374289
2374291
2374301
2374319
2374343
2374363
2374391
2374397
2374399
2374429
2374439
2374447
2374483
2374511
2374517
2374523
2374529
2374531
2374553
2374571
2374579
2374583
2374591
2374633
2374643
2374649
2374699
2374717
2374733
2374751
2374811
2374831
2374837
2374859
2374873
2374903
2374963
2374979
2374997
2375011
2375033
2375039
2375041
2375047
2375059
2375069
2375111
2375119
2375159
2375167
2375179
2375183
2375203
2375207
2375221
2375231
2375237
2375249
2375267
2375273
2375299
2375309
2375327
2375339
2375341
2375353
2375383
2375389
2375411
2375431
2375459
2375473
2375479
2375491
2375497
2375501
2375557
2375573
2375603
2375617
2375641
2375671
2375687
2375701
2375713
2375719
2375743
2375759
2375761
2375771
2375773
2375777
2375783
2375797
2375819
2375833
2375837
2375843
2375917
2375921
2375929
2375939
2375957
2375963
2375977
2375981
2375993
2376013
2376047
2376053
2376079
2376089
2376097
2376109
2376113
2376131
2376139
2376161
2376163
2376167
2376169
2376191
2376203
2376229
2376239
2376247
2376263
2376271
2376293
2376301
2376317
2376323
2376329
2376331
2376359
2376371
2376391
2376397
2376419
2376421
2376433
2376443
2376449
2376457
2376469
2376529
2376533
2376541
2376559
2376571
2376581
2376593
2376599
2376607
2376611
2376623
2376629
2376641
2376643
2376667
2376683
2376707
2376721
2376757
2376793
2376809
2376817
2376827
2376841
2376851
2376859
2376877
2376883
2376929
2376943
2376949
2376961
2376967
2376971
2376989
2377003
2377007
2377019
2377021
2377069
2377079
2377097
2377117
2377121
2377157
2377163
2377187
2377201
2377241
2377253
2377259
2377267
2377273
2377283
2377321
2377339
2377351
2377357
2377367
2377379
2377381
2377393
2377411
2377423
2377429
2377447
2377471
2377477
2377481
2377493
2377499
2377553
2377559
2377591
2377601
2377621
2377673
2377693
2377699
2377703
2377721
2377729
2377741
2377747
2377751
2377757
2377769
2377787
2377789
2377799
2377801
2377847
2377883
2377889
2377927
2377939
2377967
2377981
2377997
2378009
2378023
2378069
2378071
2378107
2378111
2378119
2378143
2378171
2378179
2378191
2378197
2378219
2378221
2378237
2378263
2378273
2378291
2378293
2378297
2378303
2378357
2378359
2378371
2378399
2378423
2378443
2378447
2378461
2378473
2378479
2378483
2378491
2378501
2378507
2378513
2378539
2378543
2378549
2378569
2378617
2378627
2378633
2378641
2378653
2378669
2378671
2378681
2378699
2378711
2378737
2378749
2378771
2378773
2378791
2378797
2378801
2378807
2378843
2378869
2378891
2378917
2378921
2378951
2378953
2378977
2378993
2379001
2379007
2379023
2379037
2379067
2379077
2379079
2379149
2379151
2379173
2379191
2379203
2379217
2379239
2379241
2379253
2379259
2379277
2379283
2379317
2379323
2379331
2379341
2379347
2379383
2379397
2379413
2379431
2379437
2379449
2379451
2379457
2379493
2379499
2379521
2379547
2379569
2379571
2379589
2379613
2379623
2379631
2379659
2379673
2379683
2379691
2379697
2379703
2379721
2379733
2379737
2379757
2379761
2379781
2379791
2379799
2379809
2379851
2379857
2379899
2379929
2379931
2379941
2379953
2379973
2379989
2380003
2380013
2380031
2380043
2380069
2380121
2380123
2380129
2380141
2380199
2380207
2380223
2380229
2380241
2380249
2380253
2380271
2380297
2380303
2380333
2380363
2380369
2380373
2380379
2380387
2380393
2380421
2380423
2380439
2380447
2380463
2380471
2380481
2380487
2380489
2380517
2380519
2380531
2380537
2380541
2380589
2380607
2380613
2380619
2380621
2380627
2380633
2380657
2380667
2380673
2380717
2380727
2380733
2380739
2380751
2380759
2380771
2380787
2380793
2380801
2380811
2380837
2380841
2380853
2380877
2380897
2380907
2380921
2380951
2380957
2380997
2381011
2381033
2381053
2381077
2381081
2381083
2381087
2381089
2381101
2381107
2381117
2381143
2381147
2381149
2381153
2381179
2381189
2381191
2381201
2381221
2381231
2381243
2381263
2381273
2381287
2381303
2381311
2381317
2381329
2381339
2381341
2381347
2381359
2381363
2381387
2381413
2381429
2381437
2381453
2381473
2381497
2381503
2381507
2381521
2381527
2381543
2381569
2381573
2381591
2381609
2381629
2381633
2381651
2381657
2381677
2381689
2381693
2381737
2381749
2381773
2381777
2381789
2381791
2381807
2381839
2381849
2381861
2381879
2381881
2381891
2381893
2381909
2381941
2381957
2381963
2381969
2381971
2381983
2381999
2382001
2382073
2382103
2382109
2382119
2382151
2382169
2382173
2382181
2382187
2382203
2382217
2382221
2382251
2382269
2382283
2382299
2382301
2382307
2382313
2382323
2382337
2382371
2382377
2382389
2382407
2382449
2382451
2382461
2382463
2382473
2382481
2382487
2382491
2382511
2382521
2382529
2382539
2382557
2382559
2382563
2382607
2382613
2382637
2382649
2382671
2382697
2382701
2382707
2382713
2382739
2382749
2382761
2382769
2382781
2382803
2382811
2382817
2382829
2382851
2382857
2382859
2382871
2382881
2382883
2382899
2382917
2382937
2382943
2382953
2382977
2382979
2383019
2383033
2383049
2383081
2383091
2383127
2383141
2383163
2383169
2383177
2383219
2383253
2383261
2383291
2383301
2383309
2383313
2383327
2383333
2383343
2383393
2383397
2383411
2383427
2383439
2383457
2383477
2383483
2383487
2383501
2383517
2383561
2383567
2383571
2383573
2383613
2383631
2383637
2383643
2383649
2383657
2383673
2383679
2383681
2383739
2383751
2383753
2383763
2383811
2383813
2383817
2383841
2383847
2383867
2383883
2383891
2383907
2383919
2383921
2383933
2383943
2383991
2383999
2384017
2384023
2384033
2384047
2384051
2384059
2384071
2384077
2384143
2384153
2384183
2384197
2384257
2384269
2384279
2384297
2384323
2384339
2384363
2384381
2384383
2384401
2384407
2384411
2384419
2384461
2384483
2384497
2384513
2384521
2384533
2384537
2384561
2384567
2384579
2384581
2384587
2384609
2384611
2384623
2384647
2384653
2384659
2384689
2384713
2384729
2384749
2384771
2384783
2384797
2384803
2384813
2384821
2384831
2384843
2384849
2384869
2384881
2384891
2384897
2384911
2384951
2384953
2384971
2385023
2385041
2385073
2385107
2385113
2385121
2385139
2385157
2385181
2385191
2385199
2385209
2385211
2385239
2385259
2385263
2385281
2385293
2385319
2385323
2385329
2385343
2385349
2385433
2385451
2385463
2385499
2385541
2385553
2385571
2385587
2385599
2385601
2385611
2385619
2385637
2385653
2385679
2385701
2385703
2385709
2385727
2385739
2385751
2385787
2385809
2385827
2385829
2385847
2385857
2385863
2385881
2385883
2385907
2385919
2385931
2385947
2385953
2385959
2385961
2385979
2385983
2385989
2385991
2386003
2386009
2386031
2386051
2386057
2386061
2386063
2386067
2386079
2386099
2386121
2386127
2386133
2386169
2386177
2386183
2386187
2386193
2386211
2386217
2386247
2386271
2386277
2386283
2386289
2386291
2386301
2386309
2386313
2386369
2386379
2386393
2386399
2386429
2386453
2386459
2386469
2386471
2386481
2386493
2386507
2386513
2386547
2386567
2386577
2386591
2386603
2386627
2386639
2386661
2386663
2386667
2386679
2386739
2386753
2386757
2386763
2386771
2386777
2386781
2386789
2386793
2386823
2386859
2386861
2386873
2386877
2386883
2386889
2386921
2386939
2386957
2386999
2387003
2387017
2387023
2387039
2387041
2387051
2387053
2387087
2387107
2387111
2387117
2387137
2387149
2387167
2387171
2387183
2387197
2387201
2387207
2387221
2387237
2387243
2387249
2387269
2387291
2387299
2387303
2387311
2387347
2387353
2387383
2387393
2387401
2387417
2387419
2387431
2387447
2387449
2387453
2387467
2387477
2387501
2387507
2387513
2387533
2387537
2387543
2387563
2387569
2387579
2387591
2387621
2387629
2387687
2387729
2387753
2387767
2387807
2387821
2387839
2387843
2387851
2387857
2387867
2387873
2387897
2387909
2387911
2387923
2387927
2387941
2387951
2387953
2387969
2387971
2388013
2388019
2388031
2388037
2388059
2388083
2388097
2388101
2388103
2388157
2388161
2388163
2388173
2388181
2388187
2388223
2388229
2388247
2388257
2388259
2388277
2388283
2388293
2388317
2388329
2388359
2388361
2388371
2388377
2388403
2388409
2388443
2388473
2388479
2388499
2388539
2388557
2388559
2388563
2388569
2388583
2388593
2388613
2388629
2388637
2388641
2388649
2388667
2388677
2388679
2388689
2388697
2388703
2388769
2388797
2388833
2388839
2388863
2388871
2388877
2388887
2388899
2388901
2388907
2388913
2388929
2388961
2388983
2389001
2389021
2389031
2389043
2389063
2389067
2389073
2389097
2389103
2389109
2389141
2389181
2389183
2389213
2389241
2389243
2389249
2389259
2389279
2389297
2389313
2389319
2389351
2389379
2389391
2389403
2389427
2389451
2389463
2389481
2389483
2389501
2389507
2389523
2389529
2389531
2389547
2389567
2389577
2389589
2389591
2389613
2389619
2389633
2389637
2389643
2389657
2389661
2389663
2389669
2389693
2389721
2389729
2389733
2389747
2389757
2389781
2389799
2389813
2389831
2389841
2389847
2389853
2389859
2389873
2389879
2389889
2389901
2389921
2389939
2389943
2389951
2389967
2389969
2389973
2389993
2390009
2390021
2390023
2390033
2390051
2390053
2390057
2390071
2390077
2390099
2390111
2390117
2390123
2390147
2390159
2390191
2390197
2390207
2390221
2390243
2390249
2390263
2390291
2390299
2390309
2390329
2390351
2390389
2390411
2390417
2390429
2390431
2390449
2390471
2390473
2390477
2390519
2390539
2390543
2390579
2390611
2390617
2390623
2390653
2390699
2390711
2390723
2390737
2390743
2390753
2390767
2390779
2390797
2390803
2390809
2390819
2390831
2390849
2390879
2390887
2390893
2390909
2390911
2390917
2390923
2390951
2390957
2390987
2391001
2391013
2391019
2391023
2391041
2391043
2391049
2391071
2391083
2391089
2391091
2391097
2391107
2391113
2391119
2391127
2391157
2391167
2391227
2391239
2391269
2391281
2391289
2391293
2391331
2391349
2391401
2391437
2391439
2391449
2391451
2391461
2391469
2391491
2391503
2391523
2391527
2391533
2391539
2391541
2391547
2391559
2391583
2391589
2391629
2391637
2391671
2391691
2391709
2391721
2391733
2391737
2391751
2391769
2391799
2391827
2391847
2391859
2391863
2391881
2391889
2391937
2391947
2391953
2391973
2391979
2391997
2392001
2392003
2392009
2392021
2392057
2392067
2392073
2392099
2392127
2392139
2392141
2392147
2392163
2392183
2392193
2392249
2392267
2392279
2392289
2392303
2392307
2392319
2392333
2392337
2392343
2392349
2392361
2392373
2392421
2392433
2392447
2392459
2392463
2392469
2392501
2392517
2392519
2392541
2392547
2392561
2392571
2392573
2392591
2392619
2392661
2392669
2392681
2392697
2392711
2392717
2392729
2392751
2392757
2392777
2392781
2392787
2392811
2392849
2392861
2392891
2392919
2392939
2392961
2392967
2392991
2392997
2393011
2393021
2393023
2393029
2393063
2393071
2393077
2393101
2393119
2393137
2393161
2393177
2393179
2393189
2393233
2393257
2393263
2393291
2393327
2393351
2393389
2393407
2393431
2393467
2393473
2393497
2393507
2393519
2393537
2393543
2393561
2393581
2393591
2393627
2393647
2393653
2393659
2393683
2393687
2393707
2393717
2393723
2393759
2393761
2393773
2393819
2393837
2393849
2393857
2393869
2393873
2393879
2393893
2393899
2393917
2393927
2393929
2393933
2393947
2393959
2393971
2393987
2394017
2394023
2394053
2394061
2394071
2394079
2394083
2394097
2394101
2394109
2394121
2394149
2394151
2394157
2394163
2394167
2394187
2394193
2394199
2394221
2394239
2394241
2394257
2394299
2394313
2394317
2394319
2394341
2394377
2394383
2394419
2394421
2394451
2394479
2394481
2394499
2394503
2394527
2394563
2394571
2394611
2394629
2394631
2394641
2394643
2394649
2394659
2394673
2394683
2394731
2394757
2394761
2394787
2394793
2394823
2394859
2394863
2394871
2394881
2394913
2394919
2394941
2394961
2395009
2395021
2395031
2395039
2395051
2395103
2395117
2395157
2395163
2395177
2395189
2395193
2395213
2395241
2395271
2395279
2395291
2395303
2395307
2395319
2395333
2395357
2395373
2395391
2395397
2395399
2395403
2395411
2395433
2395489
2395499
2395511
2395529
2395537
2395541
2395583
2395621
2395643
2395651
2395681
2395693
2395721
2395727
2395739
2395741
2395747
2395763
2395769
2395807
2395823
2395847
2395849
2395867
2395871
2395873
2395879
2395889
2395901
2395927
2395973
2396029
2396039
2396041
2396047
2396057
2396063
2396101
2396113
2396123
2396129
2396131
2396137
2396153
2396171
2396189
2396197
2396213
2396227
2396237
2396239
2396243
2396257
2396309
2396311
2396323
2396333
2396341
2396353
2396369
2396377
2396399
2396411
2396419
2396423
2396467
2396497
2396509
2396533
2396539
2396543
2396561
2396567
2396587
2396591
2396593
2396627
2396633
2396651
2396659
2396683
2396687
2396701
2396731
2396741
2396743
2396759
2396767
2396789
2396803
2396833
2396839
2396851
2396861
2396887
2396903
2396917
2396921
2396923
2396941
2396959
2396969
2396981
2396987
2397001
2397007
2397011
2397041
2397049
2397061
2397071
2397077
2397091
2397103
2397107
2397113
2397127
2397133
2397139
2397151
2397167
2397179
2397181
2397191
2397203
2397209
2397217
2397251
2397259
2397277
2397299
2397319
2397371
2397377
2397383
2397397
2397403
2397449
2397463
2397467
2397481
2397487
2397491
2397503
2397511
2397523
2397529
2397541
2397569
2397581
2397587
2397601
2397613
2397617
2397631
2397641
2397649
2397677
2397683
2397713
2397719
2397793
2397821
2397823
2397827
2397839
2397847
2397851
2397853
2397869
2397907
2397917
2397931
2397947
2397949
2397961
2397991
2398001
2398021
2398027
2398051
2398057
2398061
2398073
2398087
2398103
2398111
2398133
2398147
2398157
2398159
2398169
2398171
2398177
2398181
2398183
2398189
2398211
2398223
2398243
2398247
2398259
2398261
2398267
2398273
2398289
2398301
2398307
2398321
2398339
2398349
2398367
2398369
2398379
2398391
2398423
2398433
2398441
2398471
2398477
2398481
2398483
2398493
2398499
2398507
2398523
2398537
2398549
2398553
2398559
2398567
2398573
2398577
2398597
2398603
2398607
2398633
2398637
2398657
2398661
2398679
2398681
2398699
2398777
2398789
2398849
2398861
2398867
2398889
2398901
2398919
2398931
2398961
2398987
2399011
2399017
2399027
2399029
2399039
2399041
2399081
2399087
2399093
2399113
2399119
2399129
2399143
2399167
2399171
2399207
2399213
2399231
2399237
2399249
2399273
2399297
2399317
2399323
2399333
2399359
2399381
2399387
2399389
2399399
2399407
2399461
2399477
2399479
2399497
2399519
2399531
2399539
2399543
2399549
2399581
2399597
2399599
2399611
2399627
2399629
2399633
2399641
2399647
2399653
2399671
2399687
2399699
2399711
2399713
2399717
2399753
2399759
2399791
2399807
2399809
2399821
2399869
2399897
2399911
2399921
2399933
2399939
2399951
2399977
2399983
2399993
